2521 38 388 709
2522 38 387 706
2523 38 387 704
2524 38 387 701
2525 38 387 699
2526 38 386 697
2526 39 366 709
2527 38 386 694
2527 39 365 706
2528 38 386 692
2528 39 365 704
2529 38 386 690
2529 39 365 701
2530 38 385 687
2530 39 364 699
2531 38 385 685
2531 39 364 697
2532 38 385 683
2532 39 364 694
2533 38 385 680
2533 39 364 692
2534 38 384 678
2534 39 363 689
2535 38 384 676
2535 39 363 687
2536 38 384 673
2536 39 363 685
2537 38 384 671
2537 39 362 682
2538 38 383 669
2538 39 362 680
2539 38 383 666
2539 39 362 677
2540 38 383 664
2540 39 362 675
2541 38 383 662
2541 39 361 673
2542 38 382 659
2542 39 361 670
2543 38 382 657
2543 39 361 668
2544 38 382 655
2544 39 360 665
2545 38 382 652
2545 39 360 663
2546 38 381 650
2546 39 360 661
2547 38 381 648
2547 39 360 658
2548 38 381 645
2548 39 359 656
2549 38 381 643
2549 39 359 653
2550 38 381 641
2550 39 359 651
2551 38 380 638
2551 39 358 649
2552 38 380 635
2552 39 358 646
2553 38 380 632
2553 39 358 644
2554 38 380 630
2554 39 358 642
2555 38 380 627
2555 39 357 639
2556 38 380 624
2556 39 357 636
2557 38 380 622
2557 39 356 633
2558 38 380 619
2558 39 356 630
2559 38 380 616
2559 39 356 627
2560 38 380 614
2560 39 355 624
2561 38 379 611
2561 39 355 621
2562 38 379 608
2562 39 355 618
2563 38 379 606
2563 39 354 615
2564 38 379 603
2564 39 354 612
2565 38 379 600
2565 39 354 609
2566 38 379 598
2566 39 353 606
2567 38 379 595
2567 39 353 603
2568 38 379 592
2568 39 353 600
2569 38 379 590
2569 39 352 597
2570 38 379 587
2570 39 352 594
2571 38 378 584
2571 39 352 592
2572 38 378 582
2572 39 351 589
2573 38 378 579
2573 39 351 586
2574 38 378 576
2574 39 350 583
2575 38 378 574
2575 39 350 580
2576 38 378 571
2576 39 350 577
2577 38 378 568
2577 39 349 574
2578 38 378 566
2578 39 349 571
2579 38 378 563
2579 39 349 568
2580 38 378 560
2580 39 348 565
2581 38 377 558
2581 39 348 562
2582 38 377 555
2582 39 348 559
2583 38 377 552
2583 39 347 556
2584 38 377 550
2584 39 347 553
2585 38 377 547
2585 39 347 550
2586 38 377 544
2586 39 346 547
2587 38 377 542
2587 39 346 544
2588 38 377 539
2588 39 346 542
2589 38 377 536
2589 39 345 539
2590 38 377 534
2590 39 345 537
2591 38 376 531
2591 39 345 534
2592 38 376 529
2592 39 345 532
2593 38 376 526
2593 39 345 529
2594 38 376 524
2594 39 345 527
2595 38 376 521
2595 39 344 524
2596 38 376 519
2596 39 344 522
2597 38 376 516
2597 39 344 519
2598 38 376 514
2598 39 344 517
2599 38 376 511
2599 39 344 514
2600 38 376 509
2600 39 344 512
2601 38 376 507
2601 39 343 509
2602 38 376 504
2602 39 343 507
2603 38 376 502
2603 39 343 504
2604 38 376 499
2604 39 343 502
2605 38 375 497
2605 39 343 499
2606 38 375 494
2606 39 343 497
2607 38 375 492
2607 39 342 494
2608 38 375 489
2608 39 342 492
2609 38 375 487
2609 39 342 490
2610 38 375 484
2610 39 342 487
2611 38 375 482
2611 39 342 485
2612 38 375 480
2612 39 342 482
2613 38 375 477
2613 39 341 480
2614 38 375 475
2614 39 341 477
2615 38 375 472
2615 39 341 475
2616 38 375 470
2616 39 341 472
2617 38 375 467
2617 39 341 470
2618 38 375 465
2618 39 341 467
2619 38 374 462
2619 39 340 465
2620 38 374 460
2620 39 340 462
2621 38 374 457
2621 39 340 460
2622 38 374 455
2622 39 340 457
2623 38 374 453
2623 39 340 455
2624 38 374 450
2624 39 340 452
2625 38 374 448
2625 39 339 450
2626 38 374 445
2626 39 339 447
2627 38 374 443
2627 39 339 445
2628 38 374 440
2628 39 339 442
2629 38 374 438
2629 39 339 440
2630 38 374 435
2630 39 339 438
2631 38 374 433
2631 39 339 435
2632 38 374 431
2632 39 339 433
2633 38 373 428
2633 39 339 430
2634 38 373 425
2634 39 339 428
2635 38 373 423
2635 39 339 426
2636 38 373 420
2636 39 339 423
2637 38 373 418
2637 39 339 421
2638 38 373 415
2638 39 339 419
2639 38 373 413
2639 39 339 416
2640 38 373 410
2640 39 339 414
2641 38 373 408
2641 39 339 411
2642 38 373 405
2642 39 339 409
2643 38 373 403
2643 39 339 407
2644 38 373 400
2644 39 339 404
2645 38 373 398
2645 39 339 402
2646 38 373 395
2646 39 339 400
2647 38 373 392
2647 39 339 397
2648 38 373 390
2648 39 339 395
2649 38 373 387
2649 39 339 392
2650 38 373 385
2650 39 339 390
2651 38 373 382
2651 39 339 388
2652 38 373 380
2652 39 339 385
2653 38 373 377
2653 39 339 383
2654 38 372 375
2654 39 339 381
2655 38 372 372
2655 39 339 378
2656 38 372 370
2656 39 339 376
2657 38 372 367
2657 39 339 373
2658 38 372 365
2658 39 339 371
2659 38 372 362
2659 39 339 369
2660 38 372 360
2660 39 339 366
2661 38 372 357
2661 39 339 364
2662 38 372 354
2662 39 339 362
2663 38 372 352
2663 39 339 359
2664 38 372 349
2664 39 339 357
2665 38 372 347
2665 39 339 354
2666 38 372 344
2666 39 339 352
2667 38 372 342
2667 39 339 350
2668 38 372 339
2668 39 339 347
2669 38 372 337
2669 39 339 345
2670 38 372 334
2670 39 339 343
2671 38 372 332
2671 39 339 340
2672 38 372 329
2672 39 339 338
2673 38 372 327
2673 39 340 336
2674 38 372 324
2674 39 339 333
2675 38 372 322
2675 39 339 331
2676 38 372 319
2676 39 339 329
2677 38 372 317
2677 39 339 326
2678 38 373 314
2678 39 339 324
2679 38 373 312
2679 39 339 322
2680 38 374 309
2680 39 339 319
2681 38 374 307
2681 39 339 317
2682 38 375 304
2682 39 338 315
2683 38 375 302
2683 39 338 313
2684 38 376 299
2684 39 338 310
2685 38 376 297
2685 39 338 308
2686 38 376 294
2686 39 338 306
2687 38 377 292
2687 39 338 303
2688 38 377 289
2688 39 338 301
2689 38 378 287
2689 39 338 299
2690 38 378 284
2690 39 338 297
2691 38 379 282
2691 39 337 294
2692 38 379 279
2692 39 337 292
2693 38 380 277
2693 39 337 290
2694 38 380 274
2694 39 337 287
2695 38 380 272
2695 39 337 285
2696 38 381 269
2696 39 337 283
2697 38 381 267
2697 39 337 280
2698 38 382 264
2698 39 337 278
2699 38 382 262
2699 39 336 276
2700 38 383 259
2700 39 336 274
2701 38 383 257
2701 39 336 271
2702 38 384 254
2702 39 336 269
2703 38 384 252
2703 39 336 267
2704 38 384 249
2704 39 336 264
2705 38 385 247
2705 39 336 262
2706 38 385 244
2706 39 336 260
2707 38 386 242
2707 39 336 258
2708 38 386 239
2708 39 336 255
2709 38 387 237
2709 39 337 252
2710 38 387 234
2710 39 338 250
2711 38 388 232
2711 39 338 247
2712 38 388 229
2712 39 339 245
2713 38 389 227
2713 39 340 242
2714 38 389 224
2714 39 340 239
2715 38 390 222
2715 39 341 237
2716 38 390 219
2716 39 342 234
2717 38 391 217
2717 39 342 232
2718 38 392 214
2718 39 343 229
2719 38 392 212
2719 39 344 227
2720 38 393 209
2720 39 344 224
2721 38 394 207
2721 39 345 221
2722 38 394 205
2722 39 346 219
2723 38 395 202
2723 39 346 216
2724 38 396 200
2724 39 347 214
2725 38 396 197
2725 39 348 211
2726 38 397 195
2726 39 349 209
2727 38 397 192
2727 39 349 206
2728 38 398 190
2728 39 350 203
2729 38 399 187
2729 39 351 201
2730 38 399 185
2730 39 351 198
2731 38 400 183
2731 39 352 196
2732 38 401 180
2732 39 353 193
2733 38 401 178
2733 39 353 190
2734 38 402 175
2734 39 354 188
2735 38 403 173
2735 39 355 185
2736 38 403 170
2736 39 355 183
2737 38 404 168
2737 39 356 180
2738 38 405 166
2738 39 357 178
2739 38 405 163
2739 39 357 175
2740 38 405 160
2740 39 358 172
2741 38 406 158
2741 39 359 170
2742 38 406 155
2742 39 359 167
2743 38 406 153
2743 39 360 165
2744 38 407 150
2744 39 361 162
2745 38 407 148
2745 39 362 160
2746 38 407 145
2746 39 362 157
2747 38 408 143
2747 39 363 154
2748 38 408 140
2748 39 363 152
2749 38 408 138
2749 39 364 149
2750 38 409 135
2750 39 364 147
2751 38 409 133
2751 39 365 144
2752 38 409 130
2752 39 366 142
2753 38 410 128
2753 39 366 139
2754 38 410 125
2754 39 367 137
2755 38 411 123
2755 39 367 134
2756 38 411 120
2756 39 368 132
2757 38 411 118
2757 39 369 129
2758 38 412 115
2758 39 369 127
2759 38 412 113
2759 39 370 124
2760 38 412 110
2760 39 370 122
2761 38 413 108
2761 39 371 119
2762 38 413 105
2762 39 372 117
2763 38 413 103
2763 39 372 114
2764 38 414 100
2764 39 373 112
2765 38 414 98
2765 39 373 109
2766 38 414 95
2766 39 374 107
2767 38 415 93
2767 39 375 104
2768 38 415 90
2768 39 375 102
2769 38 416 88
2769 39 376 99
2770 38 416 85
2770 39 376 97
2771 38 416 82
2771 39 377 94
2772 38 416 80
2772 39 378 92
2773 38 417 77
2773 39 378 89
2774 38 417 74
2774 39 378 86
2775 38 417 72
2775 39 379 84
2776 38 417 69
2776 39 379 81
2777 38 418 66
2777 39 379 79
2778 38 418 64
2778 39 380 76
2779 38 418 61
2779 39 380 73
2780 38 419 58
2780 39 380 71
2781 38 419 56
2781 39 381 68
2782 38 419 53
2782 39 381 66
2783 38 419 50
2783 39 382 63
2784 38 420 48
2784 39 382 61
2785 38 420 45
2785 39 382 58
2786 38 420 42
2786 39 383 55
2787 38 420 40
2787 39 383 53
2788 38 421 37
2788 39 383 50
2789 38 421 34
2789 39 384 48
2790 38 421 32
2790 39 384 45
2791 38 422 29
2791 39 384 43
2792 38 422 26
2792 39 385 40
2793 38 422 24
2793 39 385 37
2794 38 422 21
2794 39 386 35
2795 38 423 18
2795 39 386 32
2796 38 423 16
2796 39 386 30
2797 38 423 13
2797 39 387 27
2798 38 424 11
2798 39 387 25
2799 39 387 22
2800 39 388 19
2801 39 388 17
2802 39 388 14
2803 39 389 12
2804 39 389 9
2805 39 390 7
