2.522000000000000000e+03 3.800000000000000000e+01 3.230000000000000000e+02 7.060000000000000000e+02
2.523000000000000000e+03 3.800000000000000000e+01 3.230000000000000000e+02 7.040000000000000000e+02
2.524000000000000000e+03 3.800000000000000000e+01 3.230000000000000000e+02 7.010000000000000000e+02
2.525000000000000000e+03 3.800000000000000000e+01 3.230000000000000000e+02 6.990000000000000000e+02
2.526000000000000000e+03 3.800000000000000000e+01 3.230000000000000000e+02 6.970000000000000000e+02
2.526000000000000000e+03 3.900000000000000000e+01 2.980000000000000000e+02 7.090000000000000000e+02
2.527000000000000000e+03 3.800000000000000000e+01 3.230000000000000000e+02 6.940000000000000000e+02
2.527000000000000000e+03 3.900000000000000000e+01 2.980000000000000000e+02 7.060000000000000000e+02
2.528000000000000000e+03 3.800000000000000000e+01 3.230000000000000000e+02 6.920000000000000000e+02
2.528000000000000000e+03 3.900000000000000000e+01 2.980000000000000000e+02 7.040000000000000000e+02
2.529000000000000000e+03 3.800000000000000000e+01 3.230000000000000000e+02 6.900000000000000000e+02
2.529000000000000000e+03 3.900000000000000000e+01 2.980000000000000000e+02 7.010000000000000000e+02
2.530000000000000000e+03 3.800000000000000000e+01 3.200000000000000000e+02 6.870000000000000000e+02
2.530000000000000000e+03 3.900000000000000000e+01 2.980000000000000000e+02 6.990000000000000000e+02
2.531000000000000000e+03 3.800000000000000000e+01 3.200000000000000000e+02 6.850000000000000000e+02
2.531000000000000000e+03 3.900000000000000000e+01 2.980000000000000000e+02 6.970000000000000000e+02
2.532000000000000000e+03 3.800000000000000000e+01 3.200000000000000000e+02 6.830000000000000000e+02
2.532000000000000000e+03 3.900000000000000000e+01 2.980000000000000000e+02 6.940000000000000000e+02
2.533000000000000000e+03 3.800000000000000000e+01 3.200000000000000000e+02 6.800000000000000000e+02
2.533000000000000000e+03 3.900000000000000000e+01 2.980000000000000000e+02 6.920000000000000000e+02
2.534000000000000000e+03 3.800000000000000000e+01 3.170000000000000000e+02 6.780000000000000000e+02
2.534000000000000000e+03 3.900000000000000000e+01 2.970000000000000000e+02 6.890000000000000000e+02
2.535000000000000000e+03 3.800000000000000000e+01 3.170000000000000000e+02 6.760000000000000000e+02
2.535000000000000000e+03 3.900000000000000000e+01 2.970000000000000000e+02 6.870000000000000000e+02
2.536000000000000000e+03 3.800000000000000000e+01 3.170000000000000000e+02 6.730000000000000000e+02
2.536000000000000000e+03 3.900000000000000000e+01 2.970000000000000000e+02 6.850000000000000000e+02
2.537000000000000000e+03 3.800000000000000000e+01 3.170000000000000000e+02 6.710000000000000000e+02
2.537000000000000000e+03 3.900000000000000000e+01 2.930000000000000000e+02 6.820000000000000000e+02
2.538000000000000000e+03 3.800000000000000000e+01 3.180000000000000000e+02 6.690000000000000000e+02
2.538000000000000000e+03 3.900000000000000000e+01 2.930000000000000000e+02 6.800000000000000000e+02
2.539000000000000000e+03 3.800000000000000000e+01 3.180000000000000000e+02 6.660000000000000000e+02
2.539000000000000000e+03 3.900000000000000000e+01 2.930000000000000000e+02 6.770000000000000000e+02
2.540000000000000000e+03 3.800000000000000000e+01 3.180000000000000000e+02 6.640000000000000000e+02
2.540000000000000000e+03 3.900000000000000000e+01 2.930000000000000000e+02 6.750000000000000000e+02
2.541000000000000000e+03 3.800000000000000000e+01 3.180000000000000000e+02 6.620000000000000000e+02
2.541000000000000000e+03 3.900000000000000000e+01 2.960000000000000000e+02 6.730000000000000000e+02
2.542000000000000000e+03 3.800000000000000000e+01 3.190000000000000000e+02 6.590000000000000000e+02
2.542000000000000000e+03 3.900000000000000000e+01 2.960000000000000000e+02 6.700000000000000000e+02
2.543000000000000000e+03 3.800000000000000000e+01 3.190000000000000000e+02 6.570000000000000000e+02
2.543000000000000000e+03 3.900000000000000000e+01 2.960000000000000000e+02 6.680000000000000000e+02
2.544000000000000000e+03 3.800000000000000000e+01 3.190000000000000000e+02 6.550000000000000000e+02
2.544000000000000000e+03 3.900000000000000000e+01 2.960000000000000000e+02 6.650000000000000000e+02
2.545000000000000000e+03 3.800000000000000000e+01 3.190000000000000000e+02 6.520000000000000000e+02
2.545000000000000000e+03 3.900000000000000000e+01 2.960000000000000000e+02 6.630000000000000000e+02
2.546000000000000000e+03 3.800000000000000000e+01 3.170000000000000000e+02 6.500000000000000000e+02
2.546000000000000000e+03 3.900000000000000000e+01 2.960000000000000000e+02 6.610000000000000000e+02
2.547000000000000000e+03 3.800000000000000000e+01 3.170000000000000000e+02 6.480000000000000000e+02
2.547000000000000000e+03 3.900000000000000000e+01 2.960000000000000000e+02 6.580000000000000000e+02
2.548000000000000000e+03 3.800000000000000000e+01 3.170000000000000000e+02 6.450000000000000000e+02
2.548000000000000000e+03 3.900000000000000000e+01 2.900000000000000000e+02 6.560000000000000000e+02
2.549000000000000000e+03 3.800000000000000000e+01 3.170000000000000000e+02 6.430000000000000000e+02
2.549000000000000000e+03 3.900000000000000000e+01 2.900000000000000000e+02 6.530000000000000000e+02
2.550000000000000000e+03 3.800000000000000000e+01 3.170000000000000000e+02 6.410000000000000000e+02
2.550000000000000000e+03 3.900000000000000000e+01 2.900000000000000000e+02 6.510000000000000000e+02
2.551000000000000000e+03 3.800000000000000000e+01 3.160000000000000000e+02 6.380000000000000000e+02
2.551000000000000000e+03 3.900000000000000000e+01 2.910000000000000000e+02 6.490000000000000000e+02
2.552000000000000000e+03 3.800000000000000000e+01 3.160000000000000000e+02 6.350000000000000000e+02
2.552000000000000000e+03 3.900000000000000000e+01 2.910000000000000000e+02 6.460000000000000000e+02
2.553000000000000000e+03 3.800000000000000000e+01 3.160000000000000000e+02 6.320000000000000000e+02
2.553000000000000000e+03 3.900000000000000000e+01 2.910000000000000000e+02 6.440000000000000000e+02
2.554000000000000000e+03 3.800000000000000000e+01 3.160000000000000000e+02 6.300000000000000000e+02
2.554000000000000000e+03 3.900000000000000000e+01 2.910000000000000000e+02 6.420000000000000000e+02
2.555000000000000000e+03 3.800000000000000000e+01 3.160000000000000000e+02 6.270000000000000000e+02
2.555000000000000000e+03 3.900000000000000000e+01 2.910000000000000000e+02 6.390000000000000000e+02
2.556000000000000000e+03 3.800000000000000000e+01 3.160000000000000000e+02 6.240000000000000000e+02
2.556000000000000000e+03 3.900000000000000000e+01 2.910000000000000000e+02 6.360000000000000000e+02
2.557000000000000000e+03 3.800000000000000000e+01 3.160000000000000000e+02 6.220000000000000000e+02
2.557000000000000000e+03 3.900000000000000000e+01 2.900000000000000000e+02 6.330000000000000000e+02
2.558000000000000000e+03 3.800000000000000000e+01 3.160000000000000000e+02 6.190000000000000000e+02
2.558000000000000000e+03 3.900000000000000000e+01 2.900000000000000000e+02 6.300000000000000000e+02
2.559000000000000000e+03 3.800000000000000000e+01 3.160000000000000000e+02 6.160000000000000000e+02
2.559000000000000000e+03 3.900000000000000000e+01 2.900000000000000000e+02 6.270000000000000000e+02
2.560000000000000000e+03 3.800000000000000000e+01 3.160000000000000000e+02 6.140000000000000000e+02
2.560000000000000000e+03 3.900000000000000000e+01 2.880000000000000000e+02 6.240000000000000000e+02
2.561000000000000000e+03 3.800000000000000000e+01 3.130000000000000000e+02 6.110000000000000000e+02
2.561000000000000000e+03 3.900000000000000000e+01 2.880000000000000000e+02 6.210000000000000000e+02
2.562000000000000000e+03 3.800000000000000000e+01 3.130000000000000000e+02 6.080000000000000000e+02
2.562000000000000000e+03 3.900000000000000000e+01 2.880000000000000000e+02 6.180000000000000000e+02
2.563000000000000000e+03 3.800000000000000000e+01 3.130000000000000000e+02 6.060000000000000000e+02
2.563000000000000000e+03 3.900000000000000000e+01 2.860000000000000000e+02 6.150000000000000000e+02
2.564000000000000000e+03 3.800000000000000000e+01 3.130000000000000000e+02 6.030000000000000000e+02
2.564000000000000000e+03 3.900000000000000000e+01 2.860000000000000000e+02 6.120000000000000000e+02
2.565000000000000000e+03 3.800000000000000000e+01 3.130000000000000000e+02 6.000000000000000000e+02
2.565000000000000000e+03 3.900000000000000000e+01 2.860000000000000000e+02 6.090000000000000000e+02
2.566000000000000000e+03 3.800000000000000000e+01 3.130000000000000000e+02 5.980000000000000000e+02
2.566000000000000000e+03 3.900000000000000000e+01 2.870000000000000000e+02 6.060000000000000000e+02
2.567000000000000000e+03 3.800000000000000000e+01 3.130000000000000000e+02 5.950000000000000000e+02
2.567000000000000000e+03 3.900000000000000000e+01 2.870000000000000000e+02 6.030000000000000000e+02
2.568000000000000000e+03 3.800000000000000000e+01 3.130000000000000000e+02 5.920000000000000000e+02
2.568000000000000000e+03 3.900000000000000000e+01 2.870000000000000000e+02 6.000000000000000000e+02
2.569000000000000000e+03 3.800000000000000000e+01 3.130000000000000000e+02 5.900000000000000000e+02
2.569000000000000000e+03 3.900000000000000000e+01 2.830000000000000000e+02 5.970000000000000000e+02
2.570000000000000000e+03 3.800000000000000000e+01 3.130000000000000000e+02 5.870000000000000000e+02
2.570000000000000000e+03 3.900000000000000000e+01 2.830000000000000000e+02 5.940000000000000000e+02
2.571000000000000000e+03 3.800000000000000000e+01 3.150000000000000000e+02 5.840000000000000000e+02
2.571000000000000000e+03 3.900000000000000000e+01 2.830000000000000000e+02 5.920000000000000000e+02
2.572000000000000000e+03 3.800000000000000000e+01 3.150000000000000000e+02 5.820000000000000000e+02
2.572000000000000000e+03 3.900000000000000000e+01 2.850000000000000000e+02 5.890000000000000000e+02
2.573000000000000000e+03 3.800000000000000000e+01 3.150000000000000000e+02 5.790000000000000000e+02
2.573000000000000000e+03 3.900000000000000000e+01 2.850000000000000000e+02 5.860000000000000000e+02
2.574000000000000000e+03 3.800000000000000000e+01 3.150000000000000000e+02 5.760000000000000000e+02
2.574000000000000000e+03 3.900000000000000000e+01 2.820000000000000000e+02 5.830000000000000000e+02
2.575000000000000000e+03 3.800000000000000000e+01 3.150000000000000000e+02 5.740000000000000000e+02
2.575000000000000000e+03 3.900000000000000000e+01 2.820000000000000000e+02 5.800000000000000000e+02
2.576000000000000000e+03 3.800000000000000000e+01 3.150000000000000000e+02 5.710000000000000000e+02
2.576000000000000000e+03 3.900000000000000000e+01 2.820000000000000000e+02 5.770000000000000000e+02
2.577000000000000000e+03 3.800000000000000000e+01 3.150000000000000000e+02 5.680000000000000000e+02
2.577000000000000000e+03 3.900000000000000000e+01 2.830000000000000000e+02 5.740000000000000000e+02
2.578000000000000000e+03 3.800000000000000000e+01 3.150000000000000000e+02 5.660000000000000000e+02
2.578000000000000000e+03 3.900000000000000000e+01 2.830000000000000000e+02 5.710000000000000000e+02
2.579000000000000000e+03 3.800000000000000000e+01 3.150000000000000000e+02 5.630000000000000000e+02
2.579000000000000000e+03 3.900000000000000000e+01 2.830000000000000000e+02 5.680000000000000000e+02
2.580000000000000000e+03 3.800000000000000000e+01 3.150000000000000000e+02 5.600000000000000000e+02
2.580000000000000000e+03 3.900000000000000000e+01 2.820000000000000000e+02 5.650000000000000000e+02
2.581000000000000000e+03 3.800000000000000000e+01 3.120000000000000000e+02 5.580000000000000000e+02
2.581000000000000000e+03 3.900000000000000000e+01 2.820000000000000000e+02 5.620000000000000000e+02
2.582000000000000000e+03 3.800000000000000000e+01 3.120000000000000000e+02 5.550000000000000000e+02
2.582000000000000000e+03 3.900000000000000000e+01 2.820000000000000000e+02 5.590000000000000000e+02
2.583000000000000000e+03 3.800000000000000000e+01 3.120000000000000000e+02 5.520000000000000000e+02
2.583000000000000000e+03 3.900000000000000000e+01 2.800000000000000000e+02 5.560000000000000000e+02
2.584000000000000000e+03 3.800000000000000000e+01 3.120000000000000000e+02 5.500000000000000000e+02
2.584000000000000000e+03 3.900000000000000000e+01 2.800000000000000000e+02 5.530000000000000000e+02
2.585000000000000000e+03 3.800000000000000000e+01 3.120000000000000000e+02 5.470000000000000000e+02
2.585000000000000000e+03 3.900000000000000000e+01 2.800000000000000000e+02 5.500000000000000000e+02
2.586000000000000000e+03 3.800000000000000000e+01 3.120000000000000000e+02 5.440000000000000000e+02
2.586000000000000000e+03 3.900000000000000000e+01 2.780000000000000000e+02 5.470000000000000000e+02
2.587000000000000000e+03 3.800000000000000000e+01 3.120000000000000000e+02 5.420000000000000000e+02
2.587000000000000000e+03 3.900000000000000000e+01 2.780000000000000000e+02 5.440000000000000000e+02
2.588000000000000000e+03 3.800000000000000000e+01 3.120000000000000000e+02 5.390000000000000000e+02
2.588000000000000000e+03 3.900000000000000000e+01 2.780000000000000000e+02 5.420000000000000000e+02
2.589000000000000000e+03 3.800000000000000000e+01 3.120000000000000000e+02 5.360000000000000000e+02
2.589000000000000000e+03 3.900000000000000000e+01 2.770000000000000000e+02 5.390000000000000000e+02
2.590000000000000000e+03 3.800000000000000000e+01 3.120000000000000000e+02 5.340000000000000000e+02
2.590000000000000000e+03 3.900000000000000000e+01 2.770000000000000000e+02 5.370000000000000000e+02
2.591000000000000000e+03 3.800000000000000000e+01 3.100000000000000000e+02 5.310000000000000000e+02
2.591000000000000000e+03 3.900000000000000000e+01 2.770000000000000000e+02 5.340000000000000000e+02
2.592000000000000000e+03 3.800000000000000000e+01 3.100000000000000000e+02 5.290000000000000000e+02
2.592000000000000000e+03 3.900000000000000000e+01 2.770000000000000000e+02 5.320000000000000000e+02
2.593000000000000000e+03 3.800000000000000000e+01 3.100000000000000000e+02 5.260000000000000000e+02
2.593000000000000000e+03 3.900000000000000000e+01 2.770000000000000000e+02 5.290000000000000000e+02
2.594000000000000000e+03 3.800000000000000000e+01 3.100000000000000000e+02 5.240000000000000000e+02
2.594000000000000000e+03 3.900000000000000000e+01 2.770000000000000000e+02 5.270000000000000000e+02
2.595000000000000000e+03 3.800000000000000000e+01 3.100000000000000000e+02 5.210000000000000000e+02
2.595000000000000000e+03 3.900000000000000000e+01 2.780000000000000000e+02 5.240000000000000000e+02
2.596000000000000000e+03 3.800000000000000000e+01 3.100000000000000000e+02 5.190000000000000000e+02
2.596000000000000000e+03 3.900000000000000000e+01 2.780000000000000000e+02 5.220000000000000000e+02
2.597000000000000000e+03 3.800000000000000000e+01 3.100000000000000000e+02 5.160000000000000000e+02
2.597000000000000000e+03 3.900000000000000000e+01 2.780000000000000000e+02 5.190000000000000000e+02
2.598000000000000000e+03 3.800000000000000000e+01 3.100000000000000000e+02 5.140000000000000000e+02
2.598000000000000000e+03 3.900000000000000000e+01 2.780000000000000000e+02 5.170000000000000000e+02
2.599000000000000000e+03 3.800000000000000000e+01 3.100000000000000000e+02 5.110000000000000000e+02
2.599000000000000000e+03 3.900000000000000000e+01 2.780000000000000000e+02 5.140000000000000000e+02
2.600000000000000000e+03 3.800000000000000000e+01 3.100000000000000000e+02 5.090000000000000000e+02
2.600000000000000000e+03 3.900000000000000000e+01 2.780000000000000000e+02 5.120000000000000000e+02
2.601000000000000000e+03 3.800000000000000000e+01 3.100000000000000000e+02 5.070000000000000000e+02
2.601000000000000000e+03 3.900000000000000000e+01 2.740000000000000000e+02 5.090000000000000000e+02
2.602000000000000000e+03 3.800000000000000000e+01 3.100000000000000000e+02 5.040000000000000000e+02
2.602000000000000000e+03 3.900000000000000000e+01 2.740000000000000000e+02 5.070000000000000000e+02
2.603000000000000000e+03 3.800000000000000000e+01 3.100000000000000000e+02 5.020000000000000000e+02
2.603000000000000000e+03 3.900000000000000000e+01 2.740000000000000000e+02 5.040000000000000000e+02
2.604000000000000000e+03 3.800000000000000000e+01 3.100000000000000000e+02 4.990000000000000000e+02
2.604000000000000000e+03 3.900000000000000000e+01 2.740000000000000000e+02 5.020000000000000000e+02
2.605000000000000000e+03 3.800000000000000000e+01 3.080000000000000000e+02 4.970000000000000000e+02
2.605000000000000000e+03 3.900000000000000000e+01 2.740000000000000000e+02 4.990000000000000000e+02
2.606000000000000000e+03 3.800000000000000000e+01 3.080000000000000000e+02 4.940000000000000000e+02
2.606000000000000000e+03 3.900000000000000000e+01 2.740000000000000000e+02 4.970000000000000000e+02
2.607000000000000000e+03 3.800000000000000000e+01 3.080000000000000000e+02 4.920000000000000000e+02
2.607000000000000000e+03 3.900000000000000000e+01 2.790000000000000000e+02 4.940000000000000000e+02
2.608000000000000000e+03 3.800000000000000000e+01 3.080000000000000000e+02 4.890000000000000000e+02
2.608000000000000000e+03 3.900000000000000000e+01 2.790000000000000000e+02 4.920000000000000000e+02
2.609000000000000000e+03 3.800000000000000000e+01 3.080000000000000000e+02 4.870000000000000000e+02
2.609000000000000000e+03 3.900000000000000000e+01 2.790000000000000000e+02 4.900000000000000000e+02
2.610000000000000000e+03 3.800000000000000000e+01 3.080000000000000000e+02 4.840000000000000000e+02
2.610000000000000000e+03 3.900000000000000000e+01 2.790000000000000000e+02 4.870000000000000000e+02
2.611000000000000000e+03 3.800000000000000000e+01 3.080000000000000000e+02 4.820000000000000000e+02
2.611000000000000000e+03 3.900000000000000000e+01 2.790000000000000000e+02 4.850000000000000000e+02
2.612000000000000000e+03 3.800000000000000000e+01 3.080000000000000000e+02 4.800000000000000000e+02
2.612000000000000000e+03 3.900000000000000000e+01 2.790000000000000000e+02 4.820000000000000000e+02
2.613000000000000000e+03 3.800000000000000000e+01 3.080000000000000000e+02 4.770000000000000000e+02
2.613000000000000000e+03 3.900000000000000000e+01 2.730000000000000000e+02 4.800000000000000000e+02
2.614000000000000000e+03 3.800000000000000000e+01 3.080000000000000000e+02 4.750000000000000000e+02
2.614000000000000000e+03 3.900000000000000000e+01 2.730000000000000000e+02 4.770000000000000000e+02
2.615000000000000000e+03 3.800000000000000000e+01 3.080000000000000000e+02 4.720000000000000000e+02
2.615000000000000000e+03 3.900000000000000000e+01 2.730000000000000000e+02 4.750000000000000000e+02
2.616000000000000000e+03 3.800000000000000000e+01 3.080000000000000000e+02 4.700000000000000000e+02
2.616000000000000000e+03 3.900000000000000000e+01 2.730000000000000000e+02 4.720000000000000000e+02
2.617000000000000000e+03 3.800000000000000000e+01 3.080000000000000000e+02 4.670000000000000000e+02
2.617000000000000000e+03 3.900000000000000000e+01 2.730000000000000000e+02 4.700000000000000000e+02
2.618000000000000000e+03 3.800000000000000000e+01 3.080000000000000000e+02 4.650000000000000000e+02
2.618000000000000000e+03 3.900000000000000000e+01 2.730000000000000000e+02 4.670000000000000000e+02
2.619000000000000000e+03 3.800000000000000000e+01 3.080000000000000000e+02 4.620000000000000000e+02
2.619000000000000000e+03 3.900000000000000000e+01 2.740000000000000000e+02 4.650000000000000000e+02
2.620000000000000000e+03 3.800000000000000000e+01 3.080000000000000000e+02 4.600000000000000000e+02
2.620000000000000000e+03 3.900000000000000000e+01 2.740000000000000000e+02 4.620000000000000000e+02
2.621000000000000000e+03 3.800000000000000000e+01 3.080000000000000000e+02 4.570000000000000000e+02
2.621000000000000000e+03 3.900000000000000000e+01 2.740000000000000000e+02 4.600000000000000000e+02
2.622000000000000000e+03 3.800000000000000000e+01 3.080000000000000000e+02 4.550000000000000000e+02
2.622000000000000000e+03 3.900000000000000000e+01 2.740000000000000000e+02 4.570000000000000000e+02
2.623000000000000000e+03 3.800000000000000000e+01 3.080000000000000000e+02 4.530000000000000000e+02
2.623000000000000000e+03 3.900000000000000000e+01 2.740000000000000000e+02 4.550000000000000000e+02
2.624000000000000000e+03 3.800000000000000000e+01 3.080000000000000000e+02 4.500000000000000000e+02
2.624000000000000000e+03 3.900000000000000000e+01 2.740000000000000000e+02 4.520000000000000000e+02
2.625000000000000000e+03 3.800000000000000000e+01 3.080000000000000000e+02 4.480000000000000000e+02
2.625000000000000000e+03 3.900000000000000000e+01 2.740000000000000000e+02 4.500000000000000000e+02
2.626000000000000000e+03 3.800000000000000000e+01 3.080000000000000000e+02 4.450000000000000000e+02
2.626000000000000000e+03 3.900000000000000000e+01 2.740000000000000000e+02 4.470000000000000000e+02
2.627000000000000000e+03 3.800000000000000000e+01 3.080000000000000000e+02 4.430000000000000000e+02
2.627000000000000000e+03 3.900000000000000000e+01 2.740000000000000000e+02 4.450000000000000000e+02
2.628000000000000000e+03 3.800000000000000000e+01 3.080000000000000000e+02 4.400000000000000000e+02
2.628000000000000000e+03 3.900000000000000000e+01 2.740000000000000000e+02 4.420000000000000000e+02
2.629000000000000000e+03 3.800000000000000000e+01 3.080000000000000000e+02 4.380000000000000000e+02
2.629000000000000000e+03 3.900000000000000000e+01 2.740000000000000000e+02 4.400000000000000000e+02
2.630000000000000000e+03 3.800000000000000000e+01 3.080000000000000000e+02 4.350000000000000000e+02
2.630000000000000000e+03 3.900000000000000000e+01 2.740000000000000000e+02 4.380000000000000000e+02
2.631000000000000000e+03 3.800000000000000000e+01 3.080000000000000000e+02 4.330000000000000000e+02
2.631000000000000000e+03 3.900000000000000000e+01 2.740000000000000000e+02 4.350000000000000000e+02
2.632000000000000000e+03 3.800000000000000000e+01 3.080000000000000000e+02 4.310000000000000000e+02
2.632000000000000000e+03 3.900000000000000000e+01 2.740000000000000000e+02 4.330000000000000000e+02
2.633000000000000000e+03 3.800000000000000000e+01 3.060000000000000000e+02 4.280000000000000000e+02
2.633000000000000000e+03 3.900000000000000000e+01 2.740000000000000000e+02 4.300000000000000000e+02
2.634000000000000000e+03 3.800000000000000000e+01 3.060000000000000000e+02 4.250000000000000000e+02
2.634000000000000000e+03 3.900000000000000000e+01 2.740000000000000000e+02 4.280000000000000000e+02
2.635000000000000000e+03 3.800000000000000000e+01 3.060000000000000000e+02 4.230000000000000000e+02
2.635000000000000000e+03 3.900000000000000000e+01 2.740000000000000000e+02 4.260000000000000000e+02
2.636000000000000000e+03 3.800000000000000000e+01 3.060000000000000000e+02 4.200000000000000000e+02
2.636000000000000000e+03 3.900000000000000000e+01 2.740000000000000000e+02 4.230000000000000000e+02
2.637000000000000000e+03 3.800000000000000000e+01 3.060000000000000000e+02 4.180000000000000000e+02
2.637000000000000000e+03 3.900000000000000000e+01 2.740000000000000000e+02 4.210000000000000000e+02
2.638000000000000000e+03 3.800000000000000000e+01 3.060000000000000000e+02 4.150000000000000000e+02
2.638000000000000000e+03 3.900000000000000000e+01 2.740000000000000000e+02 4.190000000000000000e+02
2.639000000000000000e+03 3.800000000000000000e+01 3.060000000000000000e+02 4.130000000000000000e+02
2.639000000000000000e+03 3.900000000000000000e+01 2.740000000000000000e+02 4.160000000000000000e+02
2.640000000000000000e+03 3.800000000000000000e+01 3.060000000000000000e+02 4.100000000000000000e+02
2.640000000000000000e+03 3.900000000000000000e+01 2.740000000000000000e+02 4.140000000000000000e+02
2.641000000000000000e+03 3.800000000000000000e+01 3.060000000000000000e+02 4.080000000000000000e+02
2.641000000000000000e+03 3.900000000000000000e+01 2.740000000000000000e+02 4.110000000000000000e+02
2.642000000000000000e+03 3.800000000000000000e+01 3.060000000000000000e+02 4.050000000000000000e+02
2.642000000000000000e+03 3.900000000000000000e+01 2.740000000000000000e+02 4.090000000000000000e+02
2.643000000000000000e+03 3.800000000000000000e+01 3.060000000000000000e+02 4.030000000000000000e+02
2.643000000000000000e+03 3.900000000000000000e+01 2.740000000000000000e+02 4.070000000000000000e+02
2.644000000000000000e+03 3.800000000000000000e+01 3.060000000000000000e+02 4.000000000000000000e+02
2.644000000000000000e+03 3.900000000000000000e+01 2.740000000000000000e+02 4.040000000000000000e+02
2.645000000000000000e+03 3.800000000000000000e+01 3.060000000000000000e+02 3.980000000000000000e+02
2.645000000000000000e+03 3.900000000000000000e+01 2.740000000000000000e+02 4.020000000000000000e+02
2.646000000000000000e+03 3.800000000000000000e+01 3.060000000000000000e+02 3.950000000000000000e+02
2.646000000000000000e+03 3.900000000000000000e+01 2.740000000000000000e+02 4.000000000000000000e+02
2.647000000000000000e+03 3.800000000000000000e+01 3.060000000000000000e+02 3.920000000000000000e+02
2.647000000000000000e+03 3.900000000000000000e+01 2.740000000000000000e+02 3.970000000000000000e+02
2.648000000000000000e+03 3.800000000000000000e+01 3.060000000000000000e+02 3.900000000000000000e+02
2.648000000000000000e+03 3.900000000000000000e+01 2.740000000000000000e+02 3.950000000000000000e+02
2.649000000000000000e+03 3.800000000000000000e+01 3.060000000000000000e+02 3.870000000000000000e+02
2.649000000000000000e+03 3.900000000000000000e+01 2.740000000000000000e+02 3.920000000000000000e+02
2.650000000000000000e+03 3.800000000000000000e+01 3.060000000000000000e+02 3.850000000000000000e+02
2.650000000000000000e+03 3.900000000000000000e+01 2.740000000000000000e+02 3.900000000000000000e+02
2.651000000000000000e+03 3.800000000000000000e+01 3.060000000000000000e+02 3.820000000000000000e+02
2.651000000000000000e+03 3.900000000000000000e+01 2.740000000000000000e+02 3.880000000000000000e+02
2.652000000000000000e+03 3.800000000000000000e+01 3.060000000000000000e+02 3.800000000000000000e+02
2.652000000000000000e+03 3.900000000000000000e+01 2.740000000000000000e+02 3.850000000000000000e+02
2.653000000000000000e+03 3.800000000000000000e+01 3.060000000000000000e+02 3.770000000000000000e+02
2.653000000000000000e+03 3.900000000000000000e+01 2.740000000000000000e+02 3.830000000000000000e+02
2.654000000000000000e+03 3.800000000000000000e+01 3.050000000000000000e+02 3.750000000000000000e+02
2.654000000000000000e+03 3.900000000000000000e+01 2.740000000000000000e+02 3.810000000000000000e+02
2.655000000000000000e+03 3.800000000000000000e+01 3.050000000000000000e+02 3.720000000000000000e+02
2.655000000000000000e+03 3.900000000000000000e+01 2.740000000000000000e+02 3.780000000000000000e+02
2.656000000000000000e+03 3.800000000000000000e+01 3.050000000000000000e+02 3.700000000000000000e+02
2.656000000000000000e+03 3.900000000000000000e+01 2.740000000000000000e+02 3.760000000000000000e+02
2.657000000000000000e+03 3.800000000000000000e+01 3.050000000000000000e+02 3.670000000000000000e+02
2.657000000000000000e+03 3.900000000000000000e+01 2.740000000000000000e+02 3.730000000000000000e+02
2.658000000000000000e+03 3.800000000000000000e+01 3.050000000000000000e+02 3.650000000000000000e+02
2.658000000000000000e+03 3.900000000000000000e+01 2.740000000000000000e+02 3.710000000000000000e+02
2.659000000000000000e+03 3.800000000000000000e+01 3.050000000000000000e+02 3.620000000000000000e+02
2.659000000000000000e+03 3.900000000000000000e+01 2.740000000000000000e+02 3.690000000000000000e+02
2.660000000000000000e+03 3.800000000000000000e+01 3.050000000000000000e+02 3.600000000000000000e+02
2.660000000000000000e+03 3.900000000000000000e+01 2.740000000000000000e+02 3.660000000000000000e+02
2.661000000000000000e+03 3.800000000000000000e+01 3.050000000000000000e+02 3.570000000000000000e+02
2.661000000000000000e+03 3.900000000000000000e+01 2.740000000000000000e+02 3.640000000000000000e+02
2.662000000000000000e+03 3.800000000000000000e+01 3.050000000000000000e+02 3.540000000000000000e+02
2.662000000000000000e+03 3.900000000000000000e+01 2.740000000000000000e+02 3.620000000000000000e+02
2.663000000000000000e+03 3.800000000000000000e+01 3.050000000000000000e+02 3.520000000000000000e+02
2.663000000000000000e+03 3.900000000000000000e+01 2.740000000000000000e+02 3.590000000000000000e+02
2.664000000000000000e+03 3.800000000000000000e+01 3.050000000000000000e+02 3.490000000000000000e+02
2.664000000000000000e+03 3.900000000000000000e+01 2.740000000000000000e+02 3.570000000000000000e+02
2.665000000000000000e+03 3.800000000000000000e+01 3.050000000000000000e+02 3.470000000000000000e+02
2.665000000000000000e+03 3.900000000000000000e+01 2.740000000000000000e+02 3.540000000000000000e+02
2.666000000000000000e+03 3.800000000000000000e+01 3.050000000000000000e+02 3.440000000000000000e+02
2.666000000000000000e+03 3.900000000000000000e+01 2.740000000000000000e+02 3.520000000000000000e+02
2.667000000000000000e+03 3.800000000000000000e+01 3.050000000000000000e+02 3.420000000000000000e+02
2.667000000000000000e+03 3.900000000000000000e+01 2.740000000000000000e+02 3.500000000000000000e+02
2.668000000000000000e+03 3.800000000000000000e+01 3.050000000000000000e+02 3.390000000000000000e+02
2.668000000000000000e+03 3.900000000000000000e+01 2.740000000000000000e+02 3.470000000000000000e+02
2.669000000000000000e+03 3.800000000000000000e+01 3.050000000000000000e+02 3.370000000000000000e+02
2.669000000000000000e+03 3.900000000000000000e+01 2.740000000000000000e+02 3.450000000000000000e+02
2.670000000000000000e+03 3.800000000000000000e+01 3.050000000000000000e+02 3.340000000000000000e+02
2.670000000000000000e+03 3.900000000000000000e+01 2.740000000000000000e+02 3.430000000000000000e+02
2.671000000000000000e+03 3.800000000000000000e+01 3.050000000000000000e+02 3.320000000000000000e+02
2.671000000000000000e+03 3.900000000000000000e+01 2.740000000000000000e+02 3.400000000000000000e+02
2.672000000000000000e+03 3.800000000000000000e+01 3.050000000000000000e+02 3.290000000000000000e+02
2.672000000000000000e+03 3.900000000000000000e+01 2.740000000000000000e+02 3.380000000000000000e+02
2.673000000000000000e+03 3.800000000000000000e+01 3.050000000000000000e+02 3.270000000000000000e+02
2.673000000000000000e+03 3.900000000000000000e+01 2.740000000000000000e+02 3.360000000000000000e+02
2.674000000000000000e+03 3.800000000000000000e+01 3.050000000000000000e+02 3.240000000000000000e+02
2.674000000000000000e+03 3.900000000000000000e+01 2.740000000000000000e+02 3.330000000000000000e+02
2.675000000000000000e+03 3.800000000000000000e+01 3.050000000000000000e+02 3.220000000000000000e+02
2.675000000000000000e+03 3.900000000000000000e+01 2.740000000000000000e+02 3.310000000000000000e+02
2.676000000000000000e+03 3.800000000000000000e+01 3.050000000000000000e+02 3.190000000000000000e+02
2.676000000000000000e+03 3.900000000000000000e+01 2.740000000000000000e+02 3.290000000000000000e+02
2.677000000000000000e+03 3.800000000000000000e+01 3.050000000000000000e+02 3.170000000000000000e+02
2.677000000000000000e+03 3.900000000000000000e+01 2.740000000000000000e+02 3.260000000000000000e+02
2.678000000000000000e+03 3.800000000000000000e+01 3.060000000000000000e+02 3.140000000000000000e+02
2.678000000000000000e+03 3.900000000000000000e+01 2.740000000000000000e+02 3.240000000000000000e+02
2.679000000000000000e+03 3.800000000000000000e+01 3.060000000000000000e+02 3.120000000000000000e+02
2.679000000000000000e+03 3.900000000000000000e+01 2.740000000000000000e+02 3.220000000000000000e+02
2.680000000000000000e+03 3.800000000000000000e+01 3.080000000000000000e+02 3.090000000000000000e+02
2.680000000000000000e+03 3.900000000000000000e+01 2.740000000000000000e+02 3.190000000000000000e+02
2.681000000000000000e+03 3.800000000000000000e+01 3.080000000000000000e+02 3.070000000000000000e+02
2.681000000000000000e+03 3.900000000000000000e+01 2.740000000000000000e+02 3.170000000000000000e+02
2.682000000000000000e+03 3.800000000000000000e+01 3.080000000000000000e+02 3.040000000000000000e+02
2.682000000000000000e+03 3.900000000000000000e+01 2.750000000000000000e+02 3.150000000000000000e+02
2.683000000000000000e+03 3.800000000000000000e+01 3.080000000000000000e+02 3.020000000000000000e+02
2.683000000000000000e+03 3.900000000000000000e+01 2.750000000000000000e+02 3.130000000000000000e+02
2.684000000000000000e+03 3.800000000000000000e+01 3.100000000000000000e+02 2.990000000000000000e+02
2.684000000000000000e+03 3.900000000000000000e+01 2.750000000000000000e+02 3.100000000000000000e+02
2.685000000000000000e+03 3.800000000000000000e+01 3.100000000000000000e+02 2.970000000000000000e+02
2.685000000000000000e+03 3.900000000000000000e+01 2.750000000000000000e+02 3.080000000000000000e+02
2.686000000000000000e+03 3.800000000000000000e+01 3.100000000000000000e+02 2.940000000000000000e+02
2.686000000000000000e+03 3.900000000000000000e+01 2.750000000000000000e+02 3.060000000000000000e+02
2.687000000000000000e+03 3.800000000000000000e+01 3.120000000000000000e+02 2.920000000000000000e+02
2.687000000000000000e+03 3.900000000000000000e+01 2.750000000000000000e+02 3.030000000000000000e+02
2.688000000000000000e+03 3.800000000000000000e+01 3.120000000000000000e+02 2.890000000000000000e+02
2.688000000000000000e+03 3.900000000000000000e+01 2.750000000000000000e+02 3.010000000000000000e+02
2.689000000000000000e+03 3.800000000000000000e+01 3.150000000000000000e+02 2.870000000000000000e+02
2.689000000000000000e+03 3.900000000000000000e+01 2.750000000000000000e+02 2.990000000000000000e+02
2.690000000000000000e+03 3.800000000000000000e+01 3.150000000000000000e+02 2.840000000000000000e+02
2.690000000000000000e+03 3.900000000000000000e+01 2.750000000000000000e+02 2.970000000000000000e+02
2.691000000000000000e+03 3.800000000000000000e+01 3.130000000000000000e+02 2.820000000000000000e+02
2.691000000000000000e+03 3.900000000000000000e+01 2.720000000000000000e+02 2.940000000000000000e+02
2.692000000000000000e+03 3.800000000000000000e+01 3.130000000000000000e+02 2.790000000000000000e+02
2.692000000000000000e+03 3.900000000000000000e+01 2.720000000000000000e+02 2.920000000000000000e+02
2.693000000000000000e+03 3.800000000000000000e+01 3.160000000000000000e+02 2.770000000000000000e+02
2.693000000000000000e+03 3.900000000000000000e+01 2.720000000000000000e+02 2.900000000000000000e+02
2.694000000000000000e+03 3.800000000000000000e+01 3.160000000000000000e+02 2.740000000000000000e+02
2.694000000000000000e+03 3.900000000000000000e+01 2.720000000000000000e+02 2.870000000000000000e+02
2.695000000000000000e+03 3.800000000000000000e+01 3.160000000000000000e+02 2.720000000000000000e+02
2.695000000000000000e+03 3.900000000000000000e+01 2.720000000000000000e+02 2.850000000000000000e+02
2.696000000000000000e+03 3.800000000000000000e+01 3.170000000000000000e+02 2.690000000000000000e+02
2.696000000000000000e+03 3.900000000000000000e+01 2.720000000000000000e+02 2.830000000000000000e+02
2.697000000000000000e+03 3.800000000000000000e+01 3.170000000000000000e+02 2.670000000000000000e+02
2.697000000000000000e+03 3.900000000000000000e+01 2.720000000000000000e+02 2.800000000000000000e+02
2.698000000000000000e+03 3.800000000000000000e+01 3.190000000000000000e+02 2.640000000000000000e+02
2.698000000000000000e+03 3.900000000000000000e+01 2.720000000000000000e+02 2.780000000000000000e+02
2.699000000000000000e+03 3.800000000000000000e+01 3.190000000000000000e+02 2.620000000000000000e+02
2.699000000000000000e+03 3.900000000000000000e+01 2.670000000000000000e+02 2.760000000000000000e+02
2.700000000000000000e+03 3.800000000000000000e+01 3.180000000000000000e+02 2.590000000000000000e+02
2.700000000000000000e+03 3.900000000000000000e+01 2.670000000000000000e+02 2.740000000000000000e+02
2.701000000000000000e+03 3.800000000000000000e+01 3.180000000000000000e+02 2.570000000000000000e+02
2.701000000000000000e+03 3.900000000000000000e+01 2.670000000000000000e+02 2.710000000000000000e+02
2.702000000000000000e+03 3.800000000000000000e+01 3.170000000000000000e+02 2.540000000000000000e+02
2.702000000000000000e+03 3.900000000000000000e+01 2.670000000000000000e+02 2.690000000000000000e+02
2.703000000000000000e+03 3.800000000000000000e+01 3.170000000000000000e+02 2.520000000000000000e+02
2.703000000000000000e+03 3.900000000000000000e+01 2.670000000000000000e+02 2.670000000000000000e+02
2.704000000000000000e+03 3.800000000000000000e+01 3.170000000000000000e+02 2.490000000000000000e+02
2.704000000000000000e+03 3.900000000000000000e+01 2.670000000000000000e+02 2.640000000000000000e+02
2.705000000000000000e+03 3.800000000000000000e+01 3.200000000000000000e+02 2.470000000000000000e+02
2.705000000000000000e+03 3.900000000000000000e+01 2.670000000000000000e+02 2.620000000000000000e+02
2.706000000000000000e+03 3.800000000000000000e+01 3.200000000000000000e+02 2.440000000000000000e+02
2.706000000000000000e+03 3.900000000000000000e+01 2.670000000000000000e+02 2.600000000000000000e+02
2.707000000000000000e+03 3.800000000000000000e+01 3.230000000000000000e+02 2.420000000000000000e+02
2.707000000000000000e+03 3.900000000000000000e+01 2.670000000000000000e+02 2.580000000000000000e+02
2.708000000000000000e+03 3.800000000000000000e+01 3.230000000000000000e+02 2.390000000000000000e+02
2.708000000000000000e+03 3.900000000000000000e+01 2.670000000000000000e+02 2.550000000000000000e+02
2.709000000000000000e+03 3.800000000000000000e+01 3.230000000000000000e+02 2.370000000000000000e+02
2.709000000000000000e+03 3.900000000000000000e+01 2.720000000000000000e+02 2.520000000000000000e+02
2.710000000000000000e+03 3.800000000000000000e+01 3.230000000000000000e+02 2.340000000000000000e+02
2.710000000000000000e+03 3.900000000000000000e+01 2.750000000000000000e+02 2.500000000000000000e+02
2.711000000000000000e+03 3.800000000000000000e+01 3.210000000000000000e+02 2.320000000000000000e+02
2.711000000000000000e+03 3.900000000000000000e+01 2.750000000000000000e+02 2.470000000000000000e+02
2.712000000000000000e+03 3.800000000000000000e+01 3.210000000000000000e+02 2.290000000000000000e+02
2.712000000000000000e+03 3.900000000000000000e+01 2.740000000000000000e+02 2.450000000000000000e+02
2.713000000000000000e+03 3.800000000000000000e+01 3.250000000000000000e+02 2.270000000000000000e+02
2.713000000000000000e+03 3.900000000000000000e+01 2.740000000000000000e+02 2.420000000000000000e+02
2.714000000000000000e+03 3.800000000000000000e+01 3.250000000000000000e+02 2.240000000000000000e+02
2.714000000000000000e+03 3.900000000000000000e+01 2.740000000000000000e+02 2.390000000000000000e+02
2.715000000000000000e+03 3.800000000000000000e+01 3.260000000000000000e+02 2.220000000000000000e+02
2.715000000000000000e+03 3.900000000000000000e+01 2.730000000000000000e+02 2.370000000000000000e+02
2.716000000000000000e+03 3.800000000000000000e+01 3.260000000000000000e+02 2.190000000000000000e+02
2.716000000000000000e+03 3.900000000000000000e+01 2.790000000000000000e+02 2.340000000000000000e+02
2.717000000000000000e+03 3.800000000000000000e+01 3.290000000000000000e+02 2.170000000000000000e+02
2.717000000000000000e+03 3.900000000000000000e+01 2.790000000000000000e+02 2.320000000000000000e+02
2.718000000000000000e+03 3.800000000000000000e+01 3.280000000000000000e+02 2.140000000000000000e+02
2.718000000000000000e+03 3.900000000000000000e+01 2.740000000000000000e+02 2.290000000000000000e+02
2.719000000000000000e+03 3.800000000000000000e+01 3.280000000000000000e+02 2.120000000000000000e+02
2.719000000000000000e+03 3.900000000000000000e+01 2.780000000000000000e+02 2.270000000000000000e+02
2.720000000000000000e+03 3.800000000000000000e+01 3.260000000000000000e+02 2.090000000000000000e+02
2.720000000000000000e+03 3.900000000000000000e+01 2.780000000000000000e+02 2.240000000000000000e+02
2.721000000000000000e+03 3.800000000000000000e+01 3.260000000000000000e+02 2.070000000000000000e+02
2.721000000000000000e+03 3.900000000000000000e+01 2.770000000000000000e+02 2.210000000000000000e+02
2.722000000000000000e+03 3.800000000000000000e+01 3.260000000000000000e+02 2.050000000000000000e+02
2.722000000000000000e+03 3.900000000000000000e+01 2.780000000000000000e+02 2.190000000000000000e+02
2.723000000000000000e+03 3.800000000000000000e+01 3.300000000000000000e+02 2.020000000000000000e+02
2.723000000000000000e+03 3.900000000000000000e+01 2.780000000000000000e+02 2.160000000000000000e+02
2.724000000000000000e+03 3.800000000000000000e+01 3.320000000000000000e+02 2.000000000000000000e+02
2.724000000000000000e+03 3.900000000000000000e+01 2.800000000000000000e+02 2.140000000000000000e+02
2.725000000000000000e+03 3.800000000000000000e+01 3.320000000000000000e+02 1.970000000000000000e+02
2.725000000000000000e+03 3.900000000000000000e+01 2.820000000000000000e+02 2.110000000000000000e+02
2.726000000000000000e+03 3.800000000000000000e+01 3.330000000000000000e+02 1.950000000000000000e+02
2.726000000000000000e+03 3.900000000000000000e+01 2.830000000000000000e+02 2.090000000000000000e+02
2.727000000000000000e+03 3.800000000000000000e+01 3.330000000000000000e+02 1.920000000000000000e+02
2.727000000000000000e+03 3.900000000000000000e+01 2.830000000000000000e+02 2.060000000000000000e+02
2.728000000000000000e+03 3.800000000000000000e+01 3.320000000000000000e+02 1.900000000000000000e+02
2.728000000000000000e+03 3.900000000000000000e+01 2.820000000000000000e+02 2.030000000000000000e+02
2.729000000000000000e+03 3.800000000000000000e+01 3.320000000000000000e+02 1.870000000000000000e+02
2.729000000000000000e+03 3.900000000000000000e+01 2.850000000000000000e+02 2.010000000000000000e+02
2.730000000000000000e+03 3.800000000000000000e+01 3.320000000000000000e+02 1.850000000000000000e+02
2.730000000000000000e+03 3.900000000000000000e+01 2.850000000000000000e+02 1.980000000000000000e+02
2.731000000000000000e+03 3.800000000000000000e+01 3.330000000000000000e+02 1.830000000000000000e+02
2.731000000000000000e+03 3.900000000000000000e+01 2.830000000000000000e+02 1.960000000000000000e+02
2.732000000000000000e+03 3.800000000000000000e+01 3.350000000000000000e+02 1.800000000000000000e+02
2.732000000000000000e+03 3.900000000000000000e+01 2.870000000000000000e+02 1.930000000000000000e+02
2.733000000000000000e+03 3.800000000000000000e+01 3.350000000000000000e+02 1.780000000000000000e+02
2.733000000000000000e+03 3.900000000000000000e+01 2.870000000000000000e+02 1.900000000000000000e+02
2.734000000000000000e+03 3.800000000000000000e+01 3.340000000000000000e+02 1.750000000000000000e+02
2.734000000000000000e+03 3.900000000000000000e+01 2.860000000000000000e+02 1.880000000000000000e+02
2.735000000000000000e+03 3.800000000000000000e+01 3.350000000000000000e+02 1.730000000000000000e+02
2.735000000000000000e+03 3.900000000000000000e+01 2.880000000000000000e+02 1.850000000000000000e+02
2.736000000000000000e+03 3.800000000000000000e+01 3.350000000000000000e+02 1.700000000000000000e+02
2.736000000000000000e+03 3.900000000000000000e+01 2.880000000000000000e+02 1.830000000000000000e+02
2.737000000000000000e+03 3.800000000000000000e+01 3.380000000000000000e+02 1.680000000000000000e+02
2.737000000000000000e+03 3.900000000000000000e+01 2.900000000000000000e+02 1.800000000000000000e+02
2.738000000000000000e+03 3.800000000000000000e+01 3.410000000000000000e+02 1.660000000000000000e+02
2.738000000000000000e+03 3.900000000000000000e+01 2.910000000000000000e+02 1.780000000000000000e+02
2.739000000000000000e+03 3.800000000000000000e+01 3.410000000000000000e+02 1.630000000000000000e+02
2.739000000000000000e+03 3.900000000000000000e+01 2.910000000000000000e+02 1.750000000000000000e+02
2.740000000000000000e+03 3.800000000000000000e+01 3.410000000000000000e+02 1.600000000000000000e+02
2.740000000000000000e+03 3.900000000000000000e+01 2.910000000000000000e+02 1.720000000000000000e+02
2.741000000000000000e+03 3.800000000000000000e+01 3.410000000000000000e+02 1.580000000000000000e+02
2.741000000000000000e+03 3.900000000000000000e+01 2.900000000000000000e+02 1.700000000000000000e+02
2.742000000000000000e+03 3.800000000000000000e+01 3.410000000000000000e+02 1.550000000000000000e+02
2.742000000000000000e+03 3.900000000000000000e+01 2.900000000000000000e+02 1.670000000000000000e+02
2.743000000000000000e+03 3.800000000000000000e+01 3.410000000000000000e+02 1.530000000000000000e+02
2.743000000000000000e+03 3.900000000000000000e+01 2.960000000000000000e+02 1.650000000000000000e+02
2.744000000000000000e+03 3.800000000000000000e+01 3.470000000000000000e+02 1.500000000000000000e+02
2.744000000000000000e+03 3.900000000000000000e+01 2.960000000000000000e+02 1.620000000000000000e+02
2.745000000000000000e+03 3.800000000000000000e+01 3.470000000000000000e+02 1.480000000000000000e+02
2.745000000000000000e+03 3.900000000000000000e+01 2.930000000000000000e+02 1.600000000000000000e+02
2.746000000000000000e+03 3.800000000000000000e+01 3.470000000000000000e+02 1.450000000000000000e+02
2.746000000000000000e+03 3.900000000000000000e+01 2.930000000000000000e+02 1.570000000000000000e+02
2.747000000000000000e+03 3.800000000000000000e+01 3.450000000000000000e+02 1.430000000000000000e+02
2.747000000000000000e+03 3.900000000000000000e+01 2.970000000000000000e+02 1.540000000000000000e+02
2.748000000000000000e+03 3.800000000000000000e+01 3.450000000000000000e+02 1.400000000000000000e+02
2.748000000000000000e+03 3.900000000000000000e+01 2.970000000000000000e+02 1.520000000000000000e+02
2.749000000000000000e+03 3.800000000000000000e+01 3.450000000000000000e+02 1.380000000000000000e+02
2.749000000000000000e+03 3.900000000000000000e+01 2.980000000000000000e+02 1.490000000000000000e+02
2.750000000000000000e+03 3.800000000000000000e+01 3.460000000000000000e+02 1.350000000000000000e+02
2.750000000000000000e+03 3.900000000000000000e+01 2.980000000000000000e+02 1.470000000000000000e+02
2.751000000000000000e+03 3.800000000000000000e+01 3.460000000000000000e+02 1.330000000000000000e+02
2.751000000000000000e+03 3.900000000000000000e+01 2.980000000000000000e+02 1.440000000000000000e+02
2.752000000000000000e+03 3.800000000000000000e+01 3.460000000000000000e+02 1.300000000000000000e+02
2.752000000000000000e+03 3.900000000000000000e+01 2.980000000000000000e+02 1.420000000000000000e+02
2.753000000000000000e+03 3.800000000000000000e+01 3.490000000000000000e+02 1.280000000000000000e+02
2.753000000000000000e+03 3.900000000000000000e+01 2.980000000000000000e+02 1.390000000000000000e+02
2.754000000000000000e+03 3.800000000000000000e+01 3.490000000000000000e+02 1.250000000000000000e+02
2.754000000000000000e+03 3.900000000000000000e+01 3.000000000000000000e+02 1.370000000000000000e+02
2.755000000000000000e+03 3.800000000000000000e+01 3.480000000000000000e+02 1.230000000000000000e+02
2.755000000000000000e+03 3.900000000000000000e+01 3.000000000000000000e+02 1.340000000000000000e+02
2.756000000000000000e+03 3.800000000000000000e+01 3.480000000000000000e+02 1.200000000000000000e+02
2.756000000000000000e+03 3.900000000000000000e+01 3.000000000000000000e+02 1.320000000000000000e+02
2.757000000000000000e+03 3.800000000000000000e+01 3.480000000000000000e+02 1.180000000000000000e+02
2.757000000000000000e+03 3.900000000000000000e+01 2.980000000000000000e+02 1.290000000000000000e+02
2.758000000000000000e+03 3.800000000000000000e+01 3.440000000000000000e+02 1.150000000000000000e+02
2.758000000000000000e+03 3.900000000000000000e+01 2.980000000000000000e+02 1.270000000000000000e+02
2.759000000000000000e+03 3.800000000000000000e+01 3.440000000000000000e+02 1.130000000000000000e+02
2.759000000000000000e+03 3.900000000000000000e+01 3.040000000000000000e+02 1.240000000000000000e+02
2.760000000000000000e+03 3.800000000000000000e+01 3.440000000000000000e+02 1.100000000000000000e+02
2.760000000000000000e+03 3.900000000000000000e+01 3.040000000000000000e+02 1.220000000000000000e+02
2.761000000000000000e+03 3.800000000000000000e+01 3.440000000000000000e+02 1.080000000000000000e+02
2.761000000000000000e+03 3.900000000000000000e+01 3.060000000000000000e+02 1.190000000000000000e+02
2.762000000000000000e+03 3.800000000000000000e+01 3.440000000000000000e+02 1.050000000000000000e+02
2.762000000000000000e+03 3.900000000000000000e+01 3.050000000000000000e+02 1.170000000000000000e+02
2.763000000000000000e+03 3.800000000000000000e+01 3.440000000000000000e+02 1.030000000000000000e+02
2.763000000000000000e+03 3.900000000000000000e+01 3.050000000000000000e+02 1.140000000000000000e+02
2.764000000000000000e+03 3.800000000000000000e+01 3.460000000000000000e+02 1.000000000000000000e+02
2.764000000000000000e+03 3.900000000000000000e+01 3.060000000000000000e+02 1.120000000000000000e+02
2.765000000000000000e+03 3.800000000000000000e+01 3.460000000000000000e+02 9.800000000000000000e+01
2.765000000000000000e+03 3.900000000000000000e+01 3.060000000000000000e+02 1.090000000000000000e+02
2.766000000000000000e+03 3.800000000000000000e+01 3.460000000000000000e+02 9.500000000000000000e+01
2.766000000000000000e+03 3.900000000000000000e+01 3.080000000000000000e+02 1.070000000000000000e+02
2.767000000000000000e+03 3.800000000000000000e+01 3.490000000000000000e+02 9.300000000000000000e+01
2.767000000000000000e+03 3.900000000000000000e+01 3.080000000000000000e+02 1.040000000000000000e+02
2.768000000000000000e+03 3.800000000000000000e+01 3.490000000000000000e+02 9.000000000000000000e+01
2.768000000000000000e+03 3.900000000000000000e+01 3.080000000000000000e+02 1.020000000000000000e+02
2.769000000000000000e+03 3.800000000000000000e+01 3.510000000000000000e+02 8.800000000000000000e+01
2.769000000000000000e+03 3.900000000000000000e+01 3.100000000000000000e+02 9.900000000000000000e+01
2.770000000000000000e+03 3.800000000000000000e+01 3.510000000000000000e+02 8.500000000000000000e+01
2.770000000000000000e+03 3.900000000000000000e+01 3.100000000000000000e+02 9.700000000000000000e+01
2.771000000000000000e+03 3.800000000000000000e+01 3.510000000000000000e+02 8.200000000000000000e+01
2.771000000000000000e+03 3.900000000000000000e+01 3.120000000000000000e+02 9.400000000000000000e+01
2.772000000000000000e+03 3.800000000000000000e+01 3.510000000000000000e+02 8.000000000000000000e+01
2.772000000000000000e+03 3.900000000000000000e+01 3.150000000000000000e+02 9.200000000000000000e+01
2.773000000000000000e+03 3.800000000000000000e+01 3.530000000000000000e+02 7.700000000000000000e+01
2.773000000000000000e+03 3.900000000000000000e+01 3.150000000000000000e+02 8.900000000000000000e+01
2.774000000000000000e+03 3.800000000000000000e+01 3.530000000000000000e+02 7.400000000000000000e+01
2.774000000000000000e+03 3.900000000000000000e+01 3.150000000000000000e+02 8.600000000000000000e+01
2.775000000000000000e+03 3.800000000000000000e+01 3.530000000000000000e+02 7.200000000000000000e+01
2.775000000000000000e+03 3.900000000000000000e+01 3.130000000000000000e+02 8.400000000000000000e+01
2.776000000000000000e+03 3.800000000000000000e+01 3.530000000000000000e+02 6.900000000000000000e+01
2.776000000000000000e+03 3.900000000000000000e+01 3.130000000000000000e+02 8.100000000000000000e+01
2.777000000000000000e+03 3.800000000000000000e+01 3.520000000000000000e+02 6.600000000000000000e+01
2.777000000000000000e+03 3.900000000000000000e+01 3.130000000000000000e+02 7.900000000000000000e+01
2.778000000000000000e+03 3.800000000000000000e+01 3.520000000000000000e+02 6.400000000000000000e+01
2.778000000000000000e+03 3.900000000000000000e+01 3.160000000000000000e+02 7.600000000000000000e+01
2.779000000000000000e+03 3.800000000000000000e+01 3.520000000000000000e+02 6.100000000000000000e+01
2.779000000000000000e+03 3.900000000000000000e+01 3.160000000000000000e+02 7.300000000000000000e+01
2.780000000000000000e+03 3.800000000000000000e+01 3.540000000000000000e+02 5.800000000000000000e+01
2.780000000000000000e+03 3.900000000000000000e+01 3.160000000000000000e+02 7.100000000000000000e+01
2.781000000000000000e+03 3.800000000000000000e+01 3.540000000000000000e+02 5.600000000000000000e+01
2.781000000000000000e+03 3.900000000000000000e+01 3.170000000000000000e+02 6.800000000000000000e+01
2.782000000000000000e+03 3.800000000000000000e+01 3.540000000000000000e+02 5.300000000000000000e+01
2.782000000000000000e+03 3.900000000000000000e+01 3.170000000000000000e+02 6.600000000000000000e+01
2.783000000000000000e+03 3.800000000000000000e+01 3.540000000000000000e+02 5.000000000000000000e+01
2.783000000000000000e+03 3.900000000000000000e+01 3.190000000000000000e+02 6.300000000000000000e+01
2.784000000000000000e+03 3.800000000000000000e+01 3.540000000000000000e+02 4.800000000000000000e+01
2.784000000000000000e+03 3.900000000000000000e+01 3.190000000000000000e+02 6.100000000000000000e+01
2.785000000000000000e+03 3.800000000000000000e+01 3.540000000000000000e+02 4.500000000000000000e+01
2.785000000000000000e+03 3.900000000000000000e+01 3.190000000000000000e+02 5.800000000000000000e+01
2.786000000000000000e+03 3.800000000000000000e+01 3.540000000000000000e+02 4.200000000000000000e+01
2.786000000000000000e+03 3.900000000000000000e+01 3.180000000000000000e+02 5.500000000000000000e+01
2.787000000000000000e+03 3.800000000000000000e+01 3.540000000000000000e+02 4.000000000000000000e+01
2.787000000000000000e+03 3.900000000000000000e+01 3.180000000000000000e+02 5.300000000000000000e+01
2.788000000000000000e+03 3.800000000000000000e+01 3.530000000000000000e+02 3.700000000000000000e+01
2.788000000000000000e+03 3.900000000000000000e+01 3.180000000000000000e+02 5.000000000000000000e+01
2.789000000000000000e+03 3.800000000000000000e+01 3.530000000000000000e+02 3.400000000000000000e+01
2.789000000000000000e+03 3.900000000000000000e+01 3.170000000000000000e+02 4.800000000000000000e+01
2.790000000000000000e+03 3.800000000000000000e+01 3.530000000000000000e+02 3.200000000000000000e+01
2.790000000000000000e+03 3.900000000000000000e+01 3.170000000000000000e+02 4.500000000000000000e+01
2.791000000000000000e+03 3.800000000000000000e+01 3.530000000000000000e+02 2.900000000000000000e+01
2.791000000000000000e+03 3.900000000000000000e+01 3.170000000000000000e+02 4.300000000000000000e+01
2.792000000000000000e+03 3.800000000000000000e+01 3.530000000000000000e+02 2.600000000000000000e+01
2.792000000000000000e+03 3.900000000000000000e+01 3.200000000000000000e+02 4.000000000000000000e+01
2.793000000000000000e+03 3.800000000000000000e+01 3.530000000000000000e+02 2.400000000000000000e+01
2.793000000000000000e+03 3.900000000000000000e+01 3.200000000000000000e+02 3.700000000000000000e+01
2.794000000000000000e+03 3.800000000000000000e+01 3.530000000000000000e+02 2.100000000000000000e+01
2.794000000000000000e+03 3.900000000000000000e+01 3.230000000000000000e+02 3.500000000000000000e+01
2.795000000000000000e+03 3.800000000000000000e+01 3.550000000000000000e+02 1.800000000000000000e+01
2.795000000000000000e+03 3.900000000000000000e+01 3.230000000000000000e+02 3.200000000000000000e+01
2.796000000000000000e+03 3.800000000000000000e+01 3.550000000000000000e+02 1.600000000000000000e+01
2.796000000000000000e+03 3.900000000000000000e+01 3.230000000000000000e+02 3.000000000000000000e+01
2.797000000000000000e+03 3.800000000000000000e+01 3.550000000000000000e+02 1.300000000000000000e+01
2.797000000000000000e+03 3.900000000000000000e+01 3.230000000000000000e+02 2.700000000000000000e+01
2.798000000000000000e+03 3.800000000000000000e+01 3.580000000000000000e+02 1.100000000000000000e+01
2.798000000000000000e+03 3.900000000000000000e+01 3.230000000000000000e+02 2.500000000000000000e+01
2.799000000000000000e+03 3.900000000000000000e+01 3.230000000000000000e+02 2.200000000000000000e+01
2.800000000000000000e+03 3.900000000000000000e+01 3.210000000000000000e+02 1.900000000000000000e+01
2.801000000000000000e+03 3.900000000000000000e+01 3.210000000000000000e+02 1.700000000000000000e+01
2.802000000000000000e+03 3.900000000000000000e+01 3.210000000000000000e+02 1.400000000000000000e+01
2.803000000000000000e+03 3.900000000000000000e+01 3.250000000000000000e+02 1.200000000000000000e+01
2.804000000000000000e+03 3.900000000000000000e+01 3.250000000000000000e+02 9.000000000000000000e+00
2.805000000000000000e+03 3.900000000000000000e+01 3.260000000000000000e+02 7.000000000000000000e+00
