7303 126 342 708
7304 126 341 706
7305 126 341 705
7306 126 341 703
7307 126 341 702
7308 126 341 701
7309 126 341 699
7310 126 341 698
7311 126 341 696
7312 126 341 695
7313 126 341 694
7314 126 341 692
7315 126 341 691
7316 126 341 689
7317 126 341 688
7318 126 341 687
7319 126 341 685
7320 126 341 684
7321 126 341 682
7322 126 341 681
7323 126 341 680
7324 126 341 678
7325 126 341 677
7326 126 341 675
7327 126 341 674
7328 126 341 673
7328 127 449 706
7329 126 341 671
7329 127 448 703
7330 126 341 670
7330 127 447 701
7331 126 341 668
7331 127 447 699
7332 126 341 667
7332 127 446 697
7333 126 341 666
7333 127 445 695
7334 126 341 664
7334 127 445 693
7334 129 351 706
7335 126 341 663
7335 127 444 691
7335 129 351 704
7336 126 341 661
7336 127 443 689
7336 128 383 704
7336 129 351 702
7337 126 341 660
7337 127 443 687
7337 128 383 702
7337 129 351 701
7338 126 341 658
7338 127 442 684
7338 128 383 700
7338 129 352 699
7339 126 341 657
7339 127 441 682
7339 128 383 698
7339 129 352 697
7340 126 341 655
7340 127 441 680
7340 128 383 697
7340 129 352 696
7341 126 341 654
7341 127 440 678
7341 128 383 695
7341 129 352 694
7342 126 341 652
7342 127 440 676
7342 128 384 693
7342 129 353 692
7343 126 341 651
7343 127 439 674
7343 128 384 691
7343 129 353 691
7344 126 341 649
7344 127 438 672
7344 128 384 690
7344 129 353 689
7345 126 341 648
7345 127 438 670
7345 128 384 688
7345 129 353 687
7346 126 341 647
7346 127 437 668
7346 128 384 686
7346 129 354 686
7347 126 341 645
7347 127 436 665
7347 128 384 684
7347 129 354 684
7348 126 341 644
7348 127 436 663
7348 128 385 683
7348 129 354 682
7349 126 341 642
7349 127 435 661
7349 128 385 681
7349 129 355 681
7350 126 341 641
7350 127 434 659
7350 128 385 679
7350 129 355 679
7351 126 341 639
7351 127 434 657
7351 128 385 678
7351 129 355 677
7352 126 341 638
7352 127 433 655
7352 128 385 676
7352 129 355 676
7353 126 341 636
7353 127 433 653
7353 128 385 674
7353 129 356 674
7354 126 341 635
7354 127 432 651
7354 128 386 672
7354 129 356 673
7355 126 341 633
7355 127 431 649
7355 128 386 671
7355 129 356 671
7356 126 341 632
7356 127 431 646
7356 128 386 669
7356 129 356 669
7357 126 341 630
7357 127 430 644
7357 128 386 667
7357 129 357 668
7358 126 341 629
7358 127 429 642
7358 128 386 665
7358 129 357 666
7359 126 341 628
7359 127 429 640
7359 128 386 664
7359 129 357 664
7360 126 341 626
7360 127 428 638
7360 128 387 662
7360 129 358 663
7360 130 401 709
7361 126 341 625
7361 127 427 636
7361 128 387 660
7361 129 358 661
7361 130 401 706
7362 126 341 623
7362 127 427 634
7362 128 387 658
7362 129 358 659
7362 130 402 704
7363 126 341 622
7363 127 426 632
7363 128 387 657
7363 129 358 658
7363 130 403 702
7364 126 341 620
7364 127 426 630
7364 128 387 655
7364 129 359 656
7364 130 403 699
7365 126 341 619
7365 127 426 627
7365 128 387 653
7365 129 359 654
7365 130 404 697
7366 126 341 617
7366 127 426 625
7366 128 388 652
7366 129 359 653
7366 130 405 695
7367 126 341 616
7367 127 426 623
7367 128 388 649
7367 129 359 651
7367 130 405 693
7368 126 341 614
7368 127 426 621
7368 128 388 647
7368 129 360 649
7368 130 406 690
7369 126 341 613
7369 127 426 619
7369 128 388 645
7369 129 360 648
7369 130 407 688
7370 126 341 612
7370 127 427 617
7370 128 388 643
7370 129 360 646
7370 130 408 686
7371 126 340 610
7371 127 427 615
7371 128 388 641
7371 129 361 645
7371 130 408 684
7372 126 340 608
7372 127 427 613
7372 128 388 639
7372 129 361 642
7372 130 409 681
7373 126 340 606
7373 127 427 611
7373 128 388 637
7373 129 361 640
7373 130 410 679
7374 126 340 605
7374 127 427 608
7374 128 388 635
7374 129 361 638
7374 130 410 677
7375 126 339 603
7375 127 427 606
7375 128 388 633
7375 129 361 636
7375 130 411 674
7376 126 339 601
7376 127 428 604
7376 128 388 631
7376 129 361 633
7376 130 412 672
7377 126 339 599
7377 127 428 602
7377 128 388 629
7377 129 361 631
7377 130 412 670
7378 126 339 598
7378 127 428 600
7378 128 388 627
7378 129 361 629
7378 130 413 668
7379 126 339 596
7379 127 428 598
7379 128 388 625
7379 129 361 627
7379 130 414 665
7380 126 338 594
7380 127 428 596
7380 128 389 622
7380 129 361 625
7380 130 415 663
7381 126 338 593
7381 127 429 594
7381 128 389 620
7381 129 361 622
7381 130 415 661
7382 126 338 591
7382 127 429 592
7382 128 389 618
7382 129 361 620
7382 130 416 659
7383 126 338 589
7383 127 429 590
7383 128 389 616
7383 129 361 618
7383 130 417 656
7384 126 337 587
7384 127 429 587
7384 128 389 614
7384 129 361 616
7384 130 417 654
7385 126 337 586
7385 127 429 585
7385 128 389 612
7385 129 361 614
7385 130 418 652
7386 126 337 584
7386 127 429 583
7386 128 389 610
7386 129 361 611
7386 130 419 649
7387 126 337 582
7387 127 430 581
7387 128 389 608
7387 129 361 609
7387 130 419 647
7388 126 337 581
7388 127 430 579
7388 128 389 606
7388 129 361 607
7388 130 420 645
7389 126 336 579
7389 127 430 577
7389 128 389 604
7389 129 361 605
7389 130 421 643
7390 126 336 577
7390 127 430 575
7390 128 389 602
7390 129 361 603
7390 130 422 640
7391 126 336 575
7391 127 430 573
7391 128 389 600
7391 129 361 600
7391 130 422 638
7392 126 336 574
7392 127 431 571
7392 128 389 598
7392 129 361 598
7392 130 423 636
7393 126 335 572
7393 127 431 569
7393 128 389 596
7393 129 361 596
7393 130 424 634
7394 126 335 570
7394 127 431 566
7394 128 390 593
7394 129 361 594
7394 130 424 631
7395 126 335 568
7395 127 431 564
7395 128 390 591
7395 129 361 591
7395 130 425 629
7396 126 335 567
7396 127 431 562
7396 128 390 589
7396 129 361 589
7396 130 426 627
7397 126 335 565
7397 127 431 560
7397 128 390 587
7397 129 361 587
7397 130 427 625
7398 126 334 563
7398 127 432 558
7398 128 390 585
7398 129 361 585
7398 130 427 622
7399 126 334 562
7399 127 432 556
7399 128 390 583
7399 129 361 583
7399 130 427 620
7400 126 334 560
7400 127 432 554
7400 128 390 581
7400 129 361 580
7400 130 428 617
7401 126 334 558
7401 127 432 552
7401 128 390 579
7401 129 361 578
7401 130 428 615
7402 126 333 556
7402 127 432 550
7402 128 390 577
7402 129 361 576
7402 130 428 612
7403 126 333 555
7403 127 433 548
7403 128 390 575
7403 129 361 574
7403 130 429 610
7404 126 333 553
7404 127 432 545
7404 128 390 573
7404 129 361 572
7404 130 429 607
7405 126 333 551
7405 127 432 543
7405 128 390 571
7405 129 361 569
7405 130 430 605
7406 126 333 550
7406 127 432 541
7406 128 390 569
7406 129 361 567
7406 130 430 602
7407 126 332 547
7407 127 432 539
7407 128 391 567
7407 129 361 565
7407 130 430 600
7408 126 332 545
7408 127 432 537
7408 128 391 564
7408 129 361 563
7408 130 431 597
7409 126 332 543
7409 127 432 535
7409 128 391 562
7409 129 361 561
7409 130 431 595
7410 126 332 541
7410 127 432 533
7410 128 391 560
7410 129 361 558
7410 130 432 592
7411 126 332 539
7411 127 432 531
7411 128 391 558
7411 129 361 556
7411 130 432 590
7412 126 332 537
7412 127 432 529
7412 128 391 556
7412 129 361 554
7412 130 432 587
7413 126 332 535
7413 127 432 527
7413 128 392 554
7413 129 361 552
7413 130 433 585
7414 126 332 533
7414 127 432 525
7414 128 392 552
7414 129 361 550
7414 130 433 582
7415 126 332 531
7415 127 432 523
7415 128 392 550
7415 129 360 548
7415 130 434 580
7416 126 332 529
7416 127 432 521
7416 128 392 548
7416 129 360 546
7416 130 434 577
7417 126 331 527
7417 127 432 519
7417 128 392 546
7417 129 360 544
7417 130 434 575
7418 126 331 525
7418 127 432 517
7418 128 392 544
7418 129 360 542
7418 130 435 572
7419 126 331 523
7419 127 432 515
7419 128 393 542
7419 129 360 540
7419 130 435 570
7420 126 331 521
7420 127 432 513
7420 128 393 540
7420 129 360 538
7420 130 435 567
7421 126 331 519
7421 127 432 511
7421 128 393 538
7421 129 360 536
7421 130 436 565
7422 126 331 516
7422 127 432 509
7422 128 393 536
7422 129 360 534
7422 130 436 562
7423 126 331 514
7423 127 432 507
7423 128 393 534
7423 129 360 532
7423 130 437 560
7424 126 331 512
7424 127 432 505
7424 128 393 532
7424 129 360 530
7424 130 437 557
7425 126 331 510
7425 127 432 503
7425 128 394 530
7425 129 360 528
7425 130 437 555
7426 126 331 508
7426 127 432 501
7426 128 394 528
7426 129 360 527
7426 130 438 552
7427 126 330 506
7427 127 432 499
7427 128 394 526
7427 129 359 525
7427 130 438 550
7428 126 330 504
7428 127 432 497
7428 128 394 523
7428 129 359 523
7428 130 439 547
7429 126 330 502
7429 127 432 495
7429 128 394 521
7429 129 359 521
7429 130 439 545
7430 126 330 500
7430 127 432 493
7430 128 395 519
7430 129 359 519
7430 130 439 542
7431 126 330 498
7431 127 432 491
7431 128 395 517
7431 129 359 517
7431 130 440 540
7432 126 330 496
7432 127 432 489
7432 128 395 515
7432 129 359 515
7432 130 440 537
7433 126 330 494
7433 127 432 487
7433 128 395 513
7433 129 359 513
7433 130 441 535
7434 126 330 492
7434 127 432 485
7434 128 395 511
7434 129 359 511
7434 130 441 532
7435 126 330 490
7435 127 432 483
7435 128 395 509
7435 129 359 509
7435 130 442 529
7436 126 330 488
7436 127 432 481
7436 128 396 507
7436 129 359 507
7436 130 442 526
7437 126 330 486
7437 127 432 479
7437 128 396 505
7437 129 359 505
7437 130 443 523
7438 126 329 484
7438 127 432 477
7438 128 396 503
7438 129 359 504
7438 130 444 520
7439 126 329 482
7439 127 432 475
7439 128 396 501
7439 129 358 502
7439 130 444 517
7440 126 329 480
7440 127 432 473
7440 128 396 499
7440 129 358 500
7440 130 445 514
7441 126 329 478
7441 127 432 471
7441 128 396 497
7441 129 358 498
7441 130 446 512
7442 126 329 477
7442 127 432 469
7442 128 397 495
7442 129 358 496
7442 130 446 509
7443 126 329 475
7443 127 432 467
7443 128 397 493
7443 129 358 494
7443 130 447 506
7444 126 329 473
7444 127 432 464
7444 128 397 491
7444 129 358 492
7444 130 448 503
7445 126 328 471
7445 127 432 462
7445 128 397 489
7445 129 358 490
7445 130 448 500
7446 126 328 470
7446 127 432 460
7446 128 397 487
7446 129 358 488
7446 130 449 497
7447 126 328 468
7447 127 432 458
7447 128 398 485
7447 129 358 486
7447 130 450 494
7448 126 328 466
7448 127 432 456
7448 128 397 482
7448 129 358 484
7448 130 450 491
7449 126 328 464
7449 127 432 453
7449 128 397 480
7449 129 358 482
7449 130 451 489
7450 126 328 463
7450 127 432 451
7450 128 397 478
7450 129 358 481
7450 130 452 486
7451 126 328 461
7451 127 432 449
7451 128 397 476
7451 129 357 479
7451 130 452 483
7452 126 327 459
7452 127 432 447
7452 128 397 474
7452 129 357 477
7452 130 453 480
7453 126 327 457
7453 127 432 445
7453 128 397 472
7453 129 357 475
7453 130 454 477
7454 126 327 456
7454 127 432 443
7454 128 397 470
7454 129 357 473
7454 130 454 474
7455 126 327 454
7455 127 432 440
7455 128 396 468
7455 129 357 471
7455 130 455 471
7456 126 327 452
7456 127 432 438
7456 128 396 466
7456 129 357 469
7456 130 456 469
7457 126 327 450
7457 127 432 436
7457 128 396 464
7457 129 357 467
7457 130 456 466
7458 126 327 449
7458 127 432 434
7458 128 396 462
7458 129 357 465
7458 130 457 463
7459 126 327 447
7459 127 432 432
7459 128 396 460
7459 129 357 463
7459 130 458 460
7460 126 326 445
7460 127 432 429
7460 128 396 458
7460 129 357 461
7460 130 458 457
7461 126 326 443
7461 127 432 427
7461 128 396 456
7461 129 357 459
7461 130 459 454
7462 126 326 442
7462 127 432 425
7462 128 395 454
7462 129 357 458
7462 130 460 451
7463 126 326 440
7463 127 432 423
7463 128 395 452
7463 129 356 455
7463 130 460 448
7464 126 326 438
7464 127 432 421
7464 128 395 450
7464 129 356 453
7464 130 461 446
7465 126 326 436
7465 127 432 419
7465 128 395 448
7465 129 356 451
7465 130 462 443
7466 126 326 435
7466 127 432 416
7466 128 395 446
7466 129 356 449
7466 130 462 440
7467 126 325 433
7467 127 432 414
7467 128 395 444
7467 129 355 447
7467 130 463 437
7468 126 325 431
7468 127 432 412
7468 128 395 442
7468 129 355 444
7468 130 464 434
7469 126 325 429
7469 127 432 410
7469 128 394 440
7469 129 355 442
7469 130 464 431
7470 126 325 428
7470 127 432 408
7470 128 394 438
7470 129 355 440
7470 130 465 428
7471 126 325 426
7471 127 432 405
7471 128 394 436
7471 129 355 438
7471 130 466 426
7472 126 325 424
7472 127 432 403
7472 128 394 434
7472 129 354 436
7472 130 465 423
7473 126 325 422
7473 127 432 401
7473 128 394 432
7473 129 354 433
7473 130 465 421
7474 126 325 421
7474 127 432 399
7474 128 394 430
7474 129 354 431
7474 130 465 418
7475 126 324 418
7475 127 432 397
7475 128 394 428
7475 129 354 429
7475 130 465 416
7476 126 324 416
7476 127 432 395
7476 128 393 426
7476 129 354 427
7476 130 465 414
7477 126 324 414
7477 127 432 392
7477 128 393 424
7477 129 353 425
7477 130 465 411
7478 126 323 412
7478 127 432 390
7478 128 393 422
7478 129 353 422
7478 130 465 409
7479 126 323 410
7479 127 432 388
7479 128 393 420
7479 129 353 420
7479 130 465 406
7480 126 323 408
7480 127 432 386
7480 128 393 418
7480 129 353 418
7480 130 465 404
7481 126 323 406
7481 127 432 384
7481 128 393 416
7481 129 352 416
7481 130 465 402
7482 126 322 404
7482 127 432 381
7482 128 393 414
7482 129 352 414
7482 130 465 399
7483 126 322 401
7483 127 432 379
7483 128 393 412
7483 129 352 411
7483 130 465 397
7484 126 322 399
7484 127 432 377
7484 128 392 410
7484 129 352 409
7484 130 465 394
7485 126 321 397
7485 127 432 375
7485 128 392 408
7485 129 352 407
7485 130 465 392
7486 126 321 395
7486 127 432 373
7486 128 392 406
7486 129 351 405
7486 130 465 390
7487 126 321 393
7487 127 432 371
7487 128 392 404
7487 129 351 403
7487 130 465 387
7488 126 321 391
7488 127 431 369
7488 128 391 402
7488 129 351 401
7488 130 465 385
7489 126 320 389
7489 127 431 367
7489 128 391 400
7489 129 351 398
7489 130 465 382
7490 126 320 387
7490 127 431 365
7490 128 391 398
7490 129 351 396
7490 130 465 380
7491 126 320 384
7491 127 431 363
7491 128 391 396
7491 129 350 394
7491 130 465 378
7492 126 320 382
7492 127 431 361
7492 128 390 394
7492 129 350 392
7492 130 465 375
7493 126 319 380
7493 127 431 359
7493 128 390 392
7493 129 350 390
7493 130 464 373
7494 126 319 378
7494 127 431 357
7494 128 390 390
7494 129 350 387
7494 130 464 370
7495 126 319 376
7495 127 431 355
7495 128 390 388
7495 129 350 385
7495 130 464 368
7496 126 318 374
7496 127 430 354
7496 128 390 386
7496 129 349 383
7496 130 464 366
7497 126 318 372
7497 127 430 352
7497 128 389 384
7497 129 349 381
7497 130 464 363
7498 126 318 370
7498 127 430 350
7498 128 389 382
7498 129 349 379
7498 130 464 361
7499 126 318 367
7499 127 430 348
7499 128 389 380
7499 129 349 376
7499 130 464 358
7500 126 317 365
7500 127 430 346
7500 128 389 378
7500 129 348 374
7500 130 464 356
7500 131 399 713
7501 126 317 363
7501 127 430 344
7501 128 388 376
7501 129 348 372
7501 130 464 354
7501 131 398 710
7502 126 317 361
7502 127 430 342
7502 128 388 374
7502 129 348 370
7502 130 464 351
7502 131 398 708
7503 126 317 359
7503 127 430 340
7503 128 388 372
7503 129 348 368
7503 130 464 349
7503 131 398 705
7504 126 316 357
7504 127 430 338
7504 128 388 370
7504 129 348 365
7504 130 464 346
7504 131 397 703
7505 126 316 355
7505 127 429 337
7505 128 388 368
7505 129 347 363
7505 130 464 344
7505 131 397 700
7506 126 316 353
7506 127 429 335
7506 128 387 366
7506 129 347 361
7506 130 464 342
7506 131 397 698
7507 126 315 350
7507 127 429 333
7507 128 387 364
7507 129 347 359
7507 130 464 339
7507 131 396 695
7508 126 315 348
7508 127 429 331
7508 128 387 362
7508 129 347 357
7508 130 464 337
7508 131 396 693
7509 126 315 346
7509 127 429 329
7509 128 387 360
7509 129 347 354
7509 130 464 334
7509 131 396 690
7510 126 315 344
7510 127 429 327
7510 128 386 358
7510 129 346 352
7510 130 464 332
7510 131 396 688
7511 126 314 342
7511 127 429 325
7511 128 386 356
7511 129 346 350
7511 130 464 330
7511 131 395 685
7512 126 314 340
7512 127 429 323
7512 128 386 354
7512 129 346 348
7512 130 464 327
7512 131 395 683
7513 126 314 338
7513 127 429 321
7513 128 386 352
7513 129 346 346
7513 130 464 325
7513 131 395 680
7514 126 314 336
7514 127 428 320
7514 128 386 350
7514 129 346 344
7514 130 464 323
7514 131 394 678
7515 126 313 334
7515 127 428 318
7515 128 385 348
7515 129 345 342
7515 130 463 320
7515 131 394 675
7516 126 313 332
7516 127 428 316
7516 128 385 346
7516 129 345 340
7516 130 463 318
7516 131 394 673
7517 126 313 330
7517 127 428 314
7517 128 385 344
7517 129 345 338
7517 130 463 316
7517 131 393 670
7518 126 312 328
7518 127 428 312
7518 128 385 342
7518 129 344 337
7518 130 463 314
7518 131 393 668
7519 126 312 326
7519 127 428 310
7519 128 384 340
7519 129 344 335
7519 130 463 312
7519 131 393 665
7520 126 312 324
7520 127 428 308
7520 128 384 338
7520 129 344 333
7520 130 462 310
7520 131 393 663
7521 126 312 322
7521 127 428 306
7521 128 384 336
7521 129 343 332
7521 130 462 307
7521 131 392 660
7522 126 311 320
7522 127 428 304
7522 128 384 334
7522 129 343 330
7522 130 462 305
7522 131 392 658
7523 126 311 318
7523 127 427 303
7523 128 384 332
7523 129 343 328
7523 130 462 303
7523 131 392 655
7524 126 311 317
7524 127 427 301
7524 128 383 330
7524 129 342 327
7524 130 462 301
7524 131 391 653
7525 126 311 315
7525 127 427 299
7525 128 383 328
7525 129 342 325
7525 130 461 299
7525 131 391 650
7526 126 310 313
7526 127 427 297
7526 128 383 326
7526 129 342 323
7526 130 461 297
7526 131 391 648
7527 126 310 311
7527 127 427 295
7527 128 383 324
7527 129 341 322
7527 130 461 294
7527 131 390 645
7528 126 310 309
7528 127 427 293
7528 128 382 322
7528 129 341 320
7528 130 461 292
7528 131 390 643
7529 126 310 307
7529 127 427 291
7529 128 382 320
7529 129 341 318
7529 130 461 290
7529 131 390 640
7530 126 309 305
7530 127 427 289
7530 128 382 318
7530 129 340 317
7530 130 460 288
7530 131 390 638
7531 126 309 303
7531 127 427 287
7531 128 382 316
7531 129 340 315
7531 130 460 286
7531 131 389 635
7532 126 309 301
7532 127 426 286
7532 128 382 314
7532 129 340 313
7532 130 460 284
7532 131 389 632
7533 126 309 300
7533 127 426 284
7533 128 381 312
7533 129 339 312
7533 130 460 281
7533 131 389 629
7534 126 308 298
7534 127 426 282
7534 128 381 310
7534 129 339 310
7534 130 460 279
7534 131 389 627
7535 126 308 296
7535 127 426 280
7535 128 381 308
7535 129 339 308
7535 130 460 277
7535 131 389 624
7536 126 308 294
7536 127 426 278
7536 128 381 306
7536 129 338 307
7536 130 459 275
7536 131 389 621
7537 126 307 292
7537 127 426 276
7537 128 380 304
7537 129 338 305
7537 130 459 273
7537 131 388 618
7538 126 307 290
7538 127 426 274
7538 128 380 302
7538 129 338 303
7538 130 459 271
7538 131 388 616
7539 126 307 288
7539 127 426 272
7539 128 380 300
7539 129 337 302
7539 130 459 268
7539 131 388 613
7540 126 307 286
7540 127 426 271
7540 128 380 298
7540 129 337 300
7540 130 459 266
7540 131 388 610
7541 126 306 284
7541 127 425 269
7541 128 380 297
7541 129 337 298
7541 130 458 264
7541 131 388 607
7542 126 306 282
7542 127 425 267
7542 128 379 295
7542 129 336 297
7542 130 458 262
7542 131 388 605
7543 126 306 281
7543 127 424 265
7543 128 379 293
7543 129 336 295
7543 130 458 260
7543 131 388 602
7544 126 306 279
7544 127 424 263
7544 128 379 292
7544 129 336 293
7544 130 458 258
7544 131 387 599
7545 126 305 277
7545 127 423 262
7545 128 379 290
7545 129 335 292
7545 130 458 255
7545 131 387 596
7546 126 305 275
7546 127 423 260
7546 128 378 289
7546 129 335 290
7546 130 457 253
7546 131 387 594
7547 126 305 273
7547 127 422 258
7547 128 378 287
7547 129 335 288
7547 130 457 251
7547 131 387 591
7548 126 305 271
7548 127 422 256
7548 128 378 286
7548 129 334 287
7548 130 457 249
7548 131 387 588
7549 126 304 269
7549 127 422 255
7549 128 378 284
7549 129 334 285
7549 130 457 247
7549 131 387 586
7550 126 304 267
7550 127 421 253
7550 128 377 283
7550 129 334 283
7550 130 457 245
7550 131 387 583
7551 126 304 265
7551 127 421 251
7551 128 377 281
7551 129 333 282
7551 130 456 242
7551 131 386 580
7552 126 304 264
7552 127 420 249
7552 128 377 280
7552 129 333 280
7552 130 456 240
7552 131 386 577
7553 126 303 262
7553 127 420 248
7553 128 377 278
7553 129 333 278
7553 130 456 238
7553 131 386 575
7554 126 303 260
7554 127 419 246
7554 128 376 277
7554 129 332 277
7554 130 456 236
7554 131 386 572
7555 126 303 258
7555 127 419 244
7555 128 376 275
7555 129 332 275
7555 130 456 234
7555 131 386 569
7556 126 303 256
7556 127 419 242
7556 128 376 274
7556 129 332 273
7556 130 456 232
7556 131 386 566
7557 126 303 255
7557 127 418 241
7557 128 376 272
7557 129 331 272
7557 130 455 229
7557 131 386 564
7558 126 302 253
7558 127 418 239
7558 128 375 270
7558 129 331 270
7558 130 454 227
7558 131 385 561
7559 126 302 251
7559 127 417 237
7559 128 375 269
7559 129 331 268
7559 130 454 225
7559 131 385 558
7560 126 302 249
7560 127 417 235
7560 128 375 267
7560 129 330 267
7560 130 453 223
7560 131 385 555
7561 126 302 248
7561 127 416 234
7561 128 375 266
7561 129 330 265
7561 130 453 221
7561 131 385 553
7562 126 302 246
7562 127 416 232
7562 128 374 264
7562 129 330 263
7562 130 452 219
7562 131 385 550
7563 126 301 244
7563 127 416 230
7563 128 374 263
7563 129 329 262
7563 130 452 216
7563 131 385 547
7564 126 301 242
7564 127 415 228
7564 128 374 261
7564 129 329 260
7564 130 451 214
7564 131 385 545
7565 126 301 241
7565 127 415 226
7565 128 374 260
7565 129 329 258
7565 130 451 212
7565 131 384 542
7566 126 301 239
7566 127 414 225
7566 128 373 258
7566 129 328 257
7566 130 450 210
7566 131 384 540
7567 126 301 237
7567 127 414 223
7567 128 373 257
7567 129 328 255
7567 130 449 208
7567 131 384 538
7568 126 301 235
7568 127 413 221
7568 128 373 255
7568 129 328 253
7568 130 449 206
7568 131 384 535
7569 126 300 233
7569 127 413 219
7569 128 373 254
7569 129 328 252
7569 130 448 203
7569 131 384 533
7570 126 300 232
7570 127 412 218
7570 128 372 252
7570 129 327 250
7570 130 448 201
7570 131 384 531
7571 126 300 230
7571 127 412 216
7571 128 372 251
7571 129 327 248
7571 130 447 199
7571 131 383 529
7572 126 300 228
7572 127 412 214
7572 128 372 249
7572 129 327 246
7572 130 447 197
7572 131 383 526
7573 126 300 226
7573 127 411 212
7573 128 372 248
7573 129 327 244
7573 130 446 195
7573 131 383 524
7574 126 299 225
7574 127 411 211
7574 128 371 246
7574 129 327 242
7574 130 446 193
7574 131 383 522
7575 126 299 223
7575 127 410 209
7575 128 371 244
7575 129 327 240
7575 130 445 191
7575 131 383 520
7576 126 299 221
7576 127 410 207
7576 128 371 243
7576 129 327 238
7576 130 444 188
7576 131 383 517
7577 126 299 219
7577 127 409 205
7577 128 371 241
7577 129 327 236
7577 130 444 186
7577 131 382 515
7578 126 299 218
7578 127 409 204
7578 128 370 240
7578 129 326 234
7578 130 443 184
7578 131 382 513
7579 126 298 216
7579 127 409 202
7579 128 370 238
7579 129 326 232
7579 130 443 182
7579 131 382 511
7580 126 298 214
7580 127 408 200
7580 128 370 237
7580 129 326 230
7580 130 442 180
7580 131 382 508
7581 126 298 212
7581 127 408 198
7581 128 370 235
7581 129 326 228
7581 130 442 178
7581 131 382 506
7582 126 298 210
7582 127 407 197
7582 128 369 234
7582 129 326 227
7582 130 441 175
7582 131 382 504
7583 126 298 209
7583 127 407 195
7583 128 369 232
7583 129 326 225
7583 130 441 173
7583 131 381 502
7584 126 298 207
7584 127 406 193
7584 128 369 231
7584 129 326 223
7584 130 440 171
7584 131 381 499
7585 126 297 205
7585 127 406 191
7585 128 369 229
7585 129 326 221
7585 130 439 169
7585 131 381 497
7586 126 297 203
7586 127 406 190
7586 128 368 228
7586 129 325 219
7586 130 439 167
7586 131 381 495
7587 126 297 202
7587 127 405 188
7587 128 368 226
7587 129 325 217
7587 130 438 165
7587 131 381 493
7588 126 297 200
7588 127 404 187
7588 128 368 225
7588 129 325 215
7588 130 438 162
7588 131 381 490
7589 126 297 198
7589 127 403 185
7589 128 368 223
7589 129 325 213
7589 130 437 160
7589 131 380 488
7590 126 296 196
7590 127 403 184
7590 128 368 222
7590 129 325 211
7590 130 437 158
7590 131 380 486
7591 126 296 195
7591 127 402 183
7591 128 367 220
7591 129 325 209
7591 130 436 156
7591 131 380 484
7592 126 296 193
7592 127 401 181
7592 128 367 218
7592 129 325 207
7592 130 436 154
7592 131 380 481
7593 126 296 191
7593 127 400 180
7593 128 366 216
7593 129 325 205
7593 130 435 152
7593 131 380 479
7594 126 296 189
7594 127 400 179
7594 128 366 214
7594 129 324 204
7594 130 435 150
7594 131 380 477
7595 126 296 188
7595 127 399 177
7595 128 365 212
7595 129 324 202
7595 130 434 148
7595 131 379 475
7596 126 295 186
7596 127 398 176
7596 128 365 211
7596 129 324 200
7596 130 433 147
7596 131 379 472
7597 126 295 184
7597 127 397 175
7597 128 364 209
7597 129 324 198
7597 130 432 146
7597 131 379 470
7598 126 295 183
7598 127 397 173
7598 128 364 207
7598 129 324 196
7598 130 431 145
7598 131 379 468
7599 126 295 181
7599 127 396 172
7599 128 363 205
7599 129 324 194
7599 130 431 143
7599 131 379 466
7600 126 295 179
7600 127 395 170
7600 128 363 203
7600 129 324 192
7600 130 430 142
7600 131 379 463
7601 126 294 178
7601 127 394 169
7601 128 362 202
7601 129 324 190
7601 130 429 141
7601 131 378 461
7602 126 294 176
7602 127 394 168
7602 128 362 200
7602 129 323 188
7602 130 428 140
7602 131 378 459
7603 126 294 174
7603 127 393 166
7603 128 361 198
7603 129 323 186
7603 130 428 138
7603 131 378 457
7604 126 294 173
7604 127 392 165
7604 128 361 196
7604 129 323 184
7604 130 427 137
7604 131 378 454
7605 126 294 171
7605 127 391 164
7605 128 361 194
7605 129 323 182
7605 130 426 136
7605 131 378 452
7606 126 293 170
7606 127 391 162
7606 128 360 192
7606 129 323 181
7606 130 425 135
7606 131 378 450
7607 126 293 168
7607 127 390 161
7607 128 360 191
7607 129 323 179
7607 130 425 133
7607 131 378 448
7608 126 293 166
7608 127 389 160
7608 128 359 189
7608 129 323 177
7608 130 424 132
7608 131 377 445
7609 126 293 165
7609 127 388 158
7609 128 359 187
7609 129 323 175
7609 130 423 131
7609 131 377 443
7610 126 293 163
7610 127 388 157
7610 128 358 185
7610 129 322 173
7610 130 422 130
7610 131 377 440
7611 126 293 161
7611 127 387 155
7611 128 358 183
7611 129 322 171
7611 130 422 128
7611 131 377 438
7612 126 292 160
7612 127 386 154
7612 128 357 182
7612 129 322 169
7612 130 421 127
7612 131 377 435
7613 126 292 158
7613 127 385 153
7613 128 357 180
7613 129 322 167
7613 130 420 126
7613 131 377 433
7614 126 292 157
7614 127 385 151
7614 128 356 178
7614 129 322 165
7614 130 419 125
7614 131 377 431
7615 126 292 155
7615 127 384 150
7615 128 356 176
7615 129 322 163
7615 130 419 123
7615 131 377 428
7616 126 292 153
7616 127 383 149
7616 128 355 174
7616 129 322 161
7616 130 418 122
7616 131 377 426
7617 126 291 152
7617 127 382 147
7617 128 355 173
7617 129 322 159
7617 130 417 121
7617 131 377 423
7618 126 291 150
7618 127 382 146
7618 128 354 171
7618 129 322 158
7618 130 416 120
7618 131 377 421
7619 126 291 148
7619 127 381 145
7619 128 354 169
7619 129 321 156
7619 130 416 118
7619 131 376 418
7620 126 291 147
7620 127 380 143
7620 128 354 167
7620 129 321 155
7620 130 415 117
7620 131 376 416
7621 126 291 145
7621 127 379 142
7621 128 353 165
7621 129 320 154
7621 130 414 116
7621 131 376 414
7622 126 290 144
7622 127 379 140
7622 128 353 163
7622 129 320 152
7622 130 413 115
7622 131 376 411
7623 126 290 142
7623 127 378 139
7623 128 352 162
7623 129 319 151
7623 130 413 113
7623 131 376 409
7624 126 290 140
7624 127 377 138
7624 128 352 160
7624 129 319 150
7624 130 412 112
7624 131 376 406
7625 126 290 139
7625 127 376 136
7625 128 351 158
7625 129 319 148
7625 130 411 111
7625 131 376 404
7626 126 290 137
7626 127 376 135
7626 128 351 156
7626 129 318 147
7626 130 410 110
7626 131 376 401
7627 126 290 135
7627 127 375 134
7627 128 350 154
7627 129 318 146
7627 130 410 108
7627 131 376 399
7628 126 289 134
7628 127 374 132
7628 128 350 153
7628 129 317 144
7628 130 409 107
7628 131 376 397
7629 126 289 132
7629 127 373 131
7629 128 349 151
7629 129 317 143
7629 130 408 106
7629 131 376 394
7630 126 289 131
7630 127 373 130
7630 128 349 149
7630 129 316 142
7630 130 407 105
7630 131 376 392
7631 126 289 129
7631 127 372 128
7631 128 348 147
7631 129 316 141
7631 130 407 103
7631 131 375 389
7632 126 289 127
7632 127 371 127
7632 128 348 145
7632 129 316 139
7632 130 406 102
7632 131 375 387
7633 126 288 126
7633 127 371 126
7633 128 348 144
7633 129 315 138
7633 130 405 101
7633 131 375 384
7633 132 437 11
7634 126 288 124
7634 127 370 125
7634 128 347 142
7634 129 315 137
7634 130 404 100
7634 131 375 382
7634 132 436 13
7635 126 288 122
7635 127 370 124
7635 128 346 140
7635 129 314 135
7635 130 404 99
7635 131 375 380
7635 132 436 15
7636 126 288 121
7636 127 369 123
7636 128 345 138
7636 129 314 134
7636 130 403 97
7636 131 375 377
7636 132 436 18
7637 126 288 119
7637 127 368 122
7637 128 345 137
7637 129 313 133
7637 130 402 96
7637 131 375 375
7637 132 436 20
7638 126 288 118
7638 127 368 120
7638 128 344 135
7638 129 313 131
7638 130 401 94
7638 131 375 372
7638 132 436 22
7639 126 287 116
7639 127 367 119
7639 128 343 133
7639 129 313 130
7639 130 400 93
7639 131 375 370
7639 132 436 25
7640 126 287 115
7640 127 367 118
7640 128 343 132
7640 129 312 129
7640 130 399 92
7640 131 375 367
7640 132 436 27
7641 126 286 114
7641 127 366 117
7641 128 342 130
7641 129 312 127
7641 130 398 90
7641 131 375 365
7641 132 436 30
7642 126 286 113
7642 127 365 116
7642 128 341 128
7642 129 311 126
7642 130 397 89
7642 131 375 363
7642 132 436 32
7643 126 286 112
7643 127 365 115
7643 128 340 127
7643 129 311 125
7643 130 396 87
7643 131 374 360
7643 132 436 34
7644 126 285 111
7644 127 364 114
7644 128 340 125
7644 129 310 124
7644 130 396 86
7644 131 374 358
7644 132 436 37
7645 126 285 110
7645 127 364 112
7645 128 339 123
7645 129 310 122
7645 130 395 85
7645 131 374 355
7645 132 436 39
7646 126 284 109
7646 127 363 111
7646 128 338 122
7646 129 310 121
7646 130 394 83
7646 131 374 353
7646 132 436 41
7647 126 284 108
7647 127 362 110
7647 128 338 120
7647 129 309 120
7647 130 393 82
7647 131 374 350
7647 132 436 44
7648 126 284 107
7648 127 362 109
7648 128 337 118
7648 129 309 118
7648 130 392 80
7648 131 374 348
7648 132 436 46
7649 126 283 105
7649 127 361 108
7649 128 336 117
7649 129 308 117
7649 130 391 79
7649 131 374 346
7649 132 436 49
7650 126 283 104
7650 127 361 107
7650 128 335 115
7650 129 308 116
7650 130 390 78
7650 131 374 343
7650 132 436 51
7651 126 282 103
7651 127 360 106
7651 128 335 113
7651 129 307 114
7651 130 389 76
7651 131 374 341
7651 132 435 53
7652 126 282 102
7652 127 359 104
7652 128 334 112
7652 129 307 113
7652 130 388 75
7652 131 374 338
7652 132 435 56
7653 126 282 101
7653 127 359 103
7653 128 333 110
7653 129 307 112
7653 130 388 74
7653 131 374 336
7653 132 435 58
7654 126 281 100
7654 127 358 102
7654 128 333 108
7654 129 306 110
7654 130 387 72
7654 131 374 334
7654 132 435 61
7655 126 281 99
7655 127 358 101
7655 128 332 106
7655 129 306 109
7655 130 386 71
7655 131 373 331
7655 132 435 63
7656 126 280 98
7656 127 357 100
7656 128 331 105
7656 129 305 108
7656 130 385 69
7656 131 373 329
7656 132 435 65
7657 126 280 97
7657 127 357 99
7657 128 331 103
7657 129 305 107
7657 130 384 68
7657 131 373 327
7657 132 435 68
7658 126 280 96
7658 127 356 98
7658 128 330 101
7658 129 304 105
7658 130 383 67
7658 131 373 325
7658 132 435 70
7659 126 279 95
7659 127 355 96
7659 128 329 100
7659 129 304 104
7659 130 382 65
7659 131 373 323
7659 132 435 72
7660 126 279 93
7660 127 355 95
7660 128 328 98
7660 129 304 103
7660 130 381 64
7660 131 373 321
7660 132 435 75
7661 126 278 92
7661 127 354 94
7661 128 328 96
7661 129 303 101
7661 130 380 62
7661 131 373 319
7661 132 435 77
7662 126 278 91
7662 127 354 93
7662 128 327 95
7662 129 303 100
7662 130 380 61
7662 131 373 317
7662 132 435 80
7663 126 278 90
7663 127 353 92
7663 128 326 93
7663 129 302 99
7663 130 379 60
7663 131 373 315
7663 132 435 82
7664 126 277 89
7664 127 352 91
7664 128 326 91
7664 129 302 97
7664 130 378 58
7664 131 373 313
7664 132 435 84
7665 126 277 88
7665 127 352 90
7665 128 325 90
7665 129 301 96
7665 130 377 57
7665 131 373 311
7665 132 435 87
7666 126 276 87
7666 127 351 88
7666 128 324 88
7666 129 301 95
7666 130 376 56
7666 131 373 309
7666 132 435 89
7667 126 276 86
7667 127 351 87
7667 128 323 86
7667 129 301 94
7667 130 375 54
7667 131 373 307
7667 132 435 92
7668 126 276 85
7668 127 350 86
7668 128 323 85
7668 129 300 92
7668 130 374 53
7668 131 373 305
7668 132 434 94
7669 126 275 84
7669 127 349 85
7669 128 322 83
7669 129 299 90
7669 130 373 51
7669 131 373 303
7669 132 434 97
7670 126 275 83
7670 127 349 84
7670 128 321 81
7670 129 298 88
7670 130 372 50
7670 131 373 301
7670 132 434 99
7671 126 274 81
7671 127 348 83
7671 128 321 80
7671 129 298 86
7671 130 372 49
7671 131 373 299
7671 132 434 102
7672 126 274 80
7672 127 348 82
7672 128 320 78
7672 129 297 85
7672 130 371 47
7672 131 373 297
7672 132 434 105
7673 126 274 79
7673 127 347 80
7673 128 319 76
7673 129 296 83
7673 130 370 46
7673 131 373 295
7673 132 434 107
7673 133 382 712
7674 126 273 78
7674 127 346 79
7674 128 319 75
7674 129 296 81
7674 130 369 44
7674 131 373 293
7674 132 434 110
7674 133 381 709
7675 126 273 77
7675 127 346 78
7675 128 318 73
7675 129 295 79
7675 130 368 43
7675 131 373 291
7675 132 434 113
7675 133 381 707
7676 126 272 76
7676 127 345 77
7676 128 317 72
7676 129 294 77
7676 130 367 42
7676 131 373 289
7676 132 433 115
7676 133 381 705
7677 126 272 75
7677 127 345 76
7677 128 316 70
7677 129 293 76
7677 130 366 40
7677 131 373 287
7677 132 433 118
7677 133 381 702
7678 126 272 74
7678 127 344 75
7678 128 315 69
7678 129 293 74
7678 130 365 39
7678 131 373 285
7678 132 433 121
7678 133 381 700
7679 126 271 73
7679 127 344 74
7679 128 314 67
7679 129 292 72
7679 130 365 38
7679 131 373 283
7679 132 433 123
7679 133 381 698
7680 126 271 72
7680 127 343 73
7680 128 314 66
7680 129 291 70
7680 130 364 36
7680 131 373 281
7680 132 433 126
7680 133 381 695
7681 126 271 71
7681 127 342 72
7681 128 313 65
7681 129 291 68
7681 130 363 35
7681 131 373 279
7681 132 433 128
7681 133 381 693
7682 126 270 69
7682 127 341 71
7682 128 312 63
7682 129 290 67
7682 130 362 34
7682 131 373 277
7682 132 433 131
7682 133 380 691
7683 126 269 68
7683 127 341 70
7683 128 311 62
7683 129 289 65
7683 130 362 33
7683 131 373 275
7683 132 433 134
7683 133 380 688
7684 126 268 67
7684 127 340 69
7684 128 310 60
7684 129 289 63
7684 130 361 32
7684 131 373 273
7684 132 432 136
7684 133 380 686
7685 126 267 66
7685 127 339 68
7685 128 309 59
7685 129 288 61
7685 130 360 31
7685 131 373 271
7685 132 432 139
7685 133 380 684
7686 126 266 65
7686 127 339 67
7686 128 309 58
7686 129 287 59
7686 130 359 30
7686 131 373 269
7686 132 432 142
7686 133 380 681
7687 126 265 64
7687 127 338 66
7687 128 308 56
7687 129 286 58
7687 130 359 29
7687 131 373 267
7687 132 432 144
7687 133 380 679
7688 126 264 63
7688 127 337 65
7688 128 307 55
7688 129 286 56
7688 130 358 28
7688 131 373 265
7688 132 432 147
7688 133 380 677
7689 126 263 62
7689 127 337 64
7689 128 306 53
7689 129 285 54
7689 130 357 27
7689 131 373 263
7689 132 432 150
7689 133 380 675
7690 126 262 61
7690 127 336 63
7690 128 305 52
7690 129 284 52
7690 130 356 26
7690 131 373 261
7690 132 432 152
7690 133 379 672
7691 126 261 60
7691 127 335 62
7691 128 304 50
7691 129 284 50
7691 130 356 25
7691 131 373 259
7691 132 432 155
7691 133 379 670
7692 126 260 59
7692 127 335 61
7692 128 304 49
7692 129 283 49
7692 130 355 24
7692 131 373 257
7692 132 432 158
7692 133 379 668
7693 126 259 58
7693 127 334 60
7693 128 303 48
7693 129 282 47
7693 130 354 23
7693 131 373 255
7693 132 431 160
7693 133 379 665
7694 126 259 57
7694 127 333 59
7694 128 302 46
7694 129 281 45
7694 130 353 22
7694 131 373 253
7694 132 431 163
7694 133 379 663
7695 126 258 56
7695 127 333 58
7695 128 301 45
7695 129 281 43
7695 130 353 20
7695 131 373 251
7695 132 431 165
7695 133 379 661
7696 126 257 55
7696 127 332 57
7696 128 300 43
7696 129 280 41
7696 130 352 19
7696 131 373 249
7696 132 431 168
7696 133 379 658
7697 126 256 54
7697 127 331 56
7697 128 300 42
7697 129 279 40
7697 130 351 18
7697 131 373 247
7697 132 431 171
7697 133 379 656
7698 126 255 53
7698 127 331 55
7698 128 299 41
7698 129 279 38
7698 130 350 17
7698 131 373 245
7698 132 431 173
7698 133 378 654
7698 134 429 715
7699 126 254 52
7699 127 330 54
7699 128 298 39
7699 129 278 36
7699 130 350 16
7699 131 373 243
7699 132 431 176
7699 133 378 651
7699 134 428 712
7700 126 253 50
7700 127 329 53
7700 128 297 38
7700 129 277 34
7700 130 349 15
7700 131 373 241
7700 132 431 179
7700 133 378 649
7700 134 428 709
7701 126 252 49
7701 127 329 52
7701 128 296 36
7701 129 277 33
7701 130 348 14
7701 131 373 239
7701 132 430 181
7701 133 378 647
7701 134 428 706
7702 126 251 48
7702 127 328 51
7702 128 295 35
7702 129 276 32
7702 130 347 13
7702 131 373 237
7702 132 430 184
7702 133 378 644
7702 134 428 704
7703 126 250 47
7703 127 327 50
7703 128 295 34
7703 129 275 32
7703 130 347 12
7703 131 373 235
7703 132 430 187
7703 133 378 642
7703 134 427 701
7704 126 249 46
7704 127 327 49
7704 128 294 32
7704 129 274 31
7704 130 346 11
7704 131 373 233
7704 132 430 189
7704 133 378 640
7704 134 427 698
7705 126 248 45
7705 127 326 48
7705 128 293 31
7705 129 273 31
7705 130 345 10
7705 131 373 231
7705 132 430 192
7705 133 378 638
7705 134 427 695
7706 126 248 44
7706 127 325 47
7706 128 292 29
7706 129 272 30
7706 130 344 9
7706 131 373 229
7706 132 430 194
7706 133 378 635
7706 134 427 693
7707 126 247 43
7707 127 325 46
7707 128 291 28
7707 129 271 30
7707 130 344 8
7707 131 373 227
7707 132 430 197
7707 133 378 633
7707 134 427 690
7708 126 246 42
7708 127 324 45
7708 128 290 26
7708 129 271 29
7708 130 343 7
7708 131 372 224
7708 132 430 200
7708 133 378 630
7708 134 426 687
7709 126 245 41
7709 127 323 44
7709 128 290 25
7709 129 270 29
7709 130 342 6
7709 131 372 222
7709 132 429 202
7709 133 379 628
7709 134 426 684
7710 126 244 40
7710 127 322 43
7710 128 289 24
7710 129 269 28
7710 130 342 5
7710 131 372 220
7710 132 429 205
7710 133 379 626
7710 134 426 682
7711 126 243 39
7711 127 322 42
7711 128 288 22
7711 129 268 28
7711 131 372 218
7711 132 429 208
7711 133 379 623
7711 134 426 679
7712 126 242 38
7712 127 321 41
7712 128 287 21
7712 129 267 27
7712 131 372 215
7712 132 429 210
7712 133 380 621
7712 134 425 676
7713 126 241 37
7713 127 320 40
7713 128 286 19
7713 129 266 27
7713 131 372 213
7713 132 429 213
7713 133 380 619
7713 134 425 673
7714 126 240 36
7714 127 320 39
7714 128 285 18
7714 129 266 26
7714 131 372 211
7714 132 429 216
7714 133 380 616
7714 134 425 671
7715 126 239 35
7715 127 319 38
7715 128 285 17
7715 129 265 26
7715 131 372 209
7715 132 429 218
7715 133 380 614
7715 134 425 668
7716 126 238 34
7716 127 318 37
7716 128 284 15
7716 129 264 25
7716 131 371 206
7716 132 429 221
7716 133 381 612
7716 134 425 665
7717 126 237 33
7717 127 318 36
7717 128 283 14
7717 129 263 25
7717 131 371 204
7717 132 429 224
7717 133 381 609
7717 134 424 662
7718 126 237 32
7718 127 317 35
7718 128 282 12
7718 129 262 24
7718 131 371 202
7718 132 428 226
7718 133 381 607
7718 134 424 660
7719 126 236 31
7719 127 316 34
7719 128 281 11
7719 129 261 24
7719 131 371 200
7719 132 428 228
7719 133 382 605
7719 134 424 657
7720 126 235 31
7720 127 316 33
7720 128 281 10
7720 129 260 23
7720 131 371 197
7720 132 428 230
7720 133 382 602
7720 134 424 654
7721 126 234 31
7721 127 315 32
7721 129 260 23
7721 131 371 195
7721 132 428 232
7721 133 382 600
7721 134 423 651
7722 126 233 31
7722 127 314 31
7722 129 259 22
7722 131 371 193
7722 132 428 234
7722 133 382 598
7722 134 423 649
7723 126 232 31
7723 127 314 30
7723 129 258 22
7723 131 371 191
7723 132 428 236
7723 133 383 595
7723 134 423 646
7724 126 232 30
7724 127 313 29
7724 129 257 21
7724 131 371 189
7724 132 428 238
7724 133 383 593
7724 134 423 643
7725 126 231 30
7725 127 312 28
7725 129 256 21
7725 131 370 186
7725 132 428 240
7725 133 383 591
7725 134 423 640
7726 126 230 30
7726 127 312 27
7726 129 255 20
7726 131 370 184
7726 132 427 243
7726 133 384 588
7726 134 422 638
7727 126 229 30
7727 127 311 26
7727 129 255 20
7727 131 370 182
7727 132 427 245
7727 133 384 586
7727 134 422 635
7728 126 228 30
7728 127 310 25
7728 129 254 19
7728 131 370 180
7728 132 427 247
7728 133 384 584
7728 134 422 632
7729 126 227 29
7729 127 310 24
7729 129 253 19
7729 131 370 177
7729 132 427 249
7729 133 384 581
7729 134 422 629
7730 126 227 29
7730 127 309 23
7730 129 252 18
7730 131 370 175
7730 132 427 251
7730 133 385 579
7730 134 422 627
7731 126 226 29
7731 127 308 22
7731 129 251 18
7731 131 370 173
7731 132 427 253
7731 133 385 577
7731 134 421 624
7732 126 225 29
7732 127 308 21
7732 129 250 17
7732 131 370 171
7732 132 427 255
7732 133 385 574
7732 134 421 622
7733 126 224 29
7733 127 307 20
7733 129 249 17
7733 131 369 168
7733 132 427 257
7733 133 386 572
7733 134 421 620
7734 126 223 28
7734 127 306 19
7734 129 249 16
7734 131 369 166
7734 132 426 260
7734 133 386 570
7734 134 421 617
7735 126 222 28
7735 127 306 18
7735 129 248 16
7735 131 369 164
7735 132 426 262
7735 133 386 567
7735 134 420 615
7736 126 222 28
7736 127 305 17
7736 129 247 15
7736 131 369 162
7736 132 426 264
7736 133 386 565
7736 134 420 613
7737 126 221 28
7737 127 304 16
7737 129 246 15
7737 131 369 159
7737 132 426 266
7737 133 387 563
7737 134 420 610
7738 126 220 28
7738 127 304 16
7738 129 245 14
7738 131 369 157
7738 132 426 268
7738 133 387 560
7738 134 420 608
7739 126 219 27
7739 129 244 14
7739 131 369 155
7739 132 426 270
7739 133 387 558
7739 134 419 606
7740 126 218 27
7740 129 244 14
7740 131 369 153
7740 132 426 272
7740 133 388 556
7740 134 419 604
7741 126 217 27
7741 131 369 151
7741 132 426 274
7741 133 387 553
7741 134 419 601
7742 126 217 27
7742 131 368 148
7742 132 425 277
7742 133 387 551
7742 134 419 599
7743 126 216 27
7743 131 368 146
7743 132 425 279
7743 133 387 549
7743 134 418 597
7744 126 215 26
7744 131 368 144
7744 132 425 281
7744 133 387 547
7744 134 418 594
7745 126 214 26
7745 131 368 142
7745 132 425 283
7745 133 387 544
7745 134 418 592
7746 126 213 26
7746 131 368 139
7746 132 425 285
7746 133 386 542
7746 134 418 590
7747 126 212 26
7747 131 368 137
7747 132 425 287
7747 133 386 540
7747 134 418 588
7748 126 212 26
7748 131 368 135
7748 132 425 289
7748 133 386 538
7748 134 417 585
7749 126 211 25
7749 131 368 133
7749 132 425 291
7749 133 386 535
7749 134 417 583
7750 126 210 25
7750 131 367 130
7750 132 424 294
7750 133 386 533
7750 134 417 581
7751 126 209 25
7751 131 367 128
7751 132 424 296
7751 133 385 531
7751 134 417 578
7752 126 208 25
7752 131 367 126
7752 132 424 298
7752 133 385 529
7752 134 416 576
7753 126 207 25
7753 131 367 124
7753 132 424 300
7753 133 385 526
7753 134 416 574
7754 126 207 25
7754 131 367 121
7754 132 424 302
7754 133 385 524
7754 134 416 571
7755 131 367 119
7755 132 424 304
7755 133 385 522
7755 134 416 569
7756 131 367 117
7756 132 424 306
7756 133 384 520
7756 134 415 567
7757 131 367 115
7757 132 424 308
7757 133 384 517
7757 134 415 565
7758 131 367 113
7758 132 423 311
7758 133 384 515
7758 134 415 562
7759 131 366 110
7759 132 423 313
7759 133 384 513
7759 134 415 560
7760 131 366 108
7760 132 423 315
7760 133 384 511
7760 134 414 558
7761 131 366 106
7761 132 423 317
7761 133 383 508
7761 134 414 555
7762 131 366 104
7762 132 423 319
7762 133 383 506
7762 134 414 553
7762 135 456 10
7763 131 366 101
7763 132 423 321
7763 133 383 504
7763 134 414 551
7763 135 455 11
7764 131 366 99
7764 132 423 323
7764 133 383 502
7764 134 414 549
7764 135 455 13
7765 131 365 97
7765 132 423 325
7765 133 383 499
7765 134 413 546
7765 135 455 14
7766 131 365 95
7766 132 423 328
7766 133 382 497
7766 134 413 543
7766 135 455 16
7767 131 365 92
7767 132 423 330
7767 133 382 495
7767 134 413 541
7767 135 455 18
7768 131 365 90
7768 132 423 332
7768 133 382 493
7768 134 413 538
7768 135 455 19
7769 131 365 88
7769 132 424 335
7769 133 382 490
7769 134 413 536
7769 135 454 21
7770 131 365 86
7770 132 424 337
7770 133 382 488
7770 134 412 533
7770 135 454 23
7771 131 365 84
7771 132 425 340
7771 133 381 486
7771 134 412 531
7771 135 454 24
7772 131 364 81
7772 132 425 342
7772 133 381 484
7772 134 412 528
7772 135 454 26
7773 131 364 79
7773 132 426 344
7773 133 381 481
7773 134 412 526
7773 135 454 28
7774 131 364 77
7774 132 426 347
7774 133 381 479
7774 134 412 523
7774 135 454 29
7774 136 416 6
7775 131 364 75
7775 132 426 349
7775 133 381 477
7775 134 411 521
7775 135 454 31
7775 136 415 8
7776 131 364 72
7776 132 427 352
7776 133 381 475
7776 134 411 518
7776 135 453 33
7776 136 415 10
7777 131 364 70
7777 132 427 354
7777 133 380 473
7777 134 411 516
7777 135 453 34
7777 136 415 12
7778 131 364 68
7778 132 428 356
7778 133 380 471
7778 134 411 513
7778 135 453 36
7778 136 415 14
7779 131 363 66
7779 132 428 359
7779 133 380 469
7779 134 411 511
7779 135 453 38
7779 136 415 16
7780 131 363 63
7780 132 429 361
7780 133 379 467
7780 134 410 508
7780 135 453 39
7780 136 415 18
7781 131 363 61
7781 132 429 364
7781 133 379 466
7781 134 410 506
7781 135 453 41
7781 136 415 20
7782 131 363 59
7782 132 429 366
7782 133 379 464
7782 134 410 503
7782 135 452 43
7782 136 415 22
7783 131 363 57
7783 132 430 368
7783 133 379 462
7783 134 410 500
7783 135 452 44
7783 136 415 24
7784 131 363 55
7784 132 430 371
7784 133 378 460
7784 134 410 498
7784 135 452 46
7784 136 415 26
7785 131 363 52
7785 132 431 373
7785 133 378 459
7785 134 409 495
7785 135 452 48
7785 136 415 28
7786 131 362 50
7786 132 431 376
7786 133 378 457
7786 134 409 493
7786 135 452 49
7786 136 414 31
7787 131 362 48
7787 132 432 378
7787 133 377 455
7787 134 409 490
7787 135 452 51
7787 136 414 33
7788 131 362 46
7788 132 432 381
7788 133 377 453
7788 134 409 488
7788 135 452 53
7788 136 414 35
7789 131 362 43
7789 132 432 383
7789 133 377 452
7789 134 409 485
7789 135 451 54
7789 136 414 37
7790 131 362 41
7790 132 433 385
7790 133 377 450
7790 134 408 483
7790 135 451 56
7790 136 414 39
7791 131 362 39
7791 132 433 388
7791 133 376 448
7791 134 408 480
7791 135 451 57
7791 136 414 41
7792 131 362 37
7792 132 434 390
7792 133 376 446
7792 134 408 478
7792 135 451 59
7792 136 414 43
7793 131 361 34
7793 132 434 393
7793 133 376 445
7793 134 408 475
7793 135 451 61
7793 136 414 45
7794 131 361 32
7794 132 435 395
7794 133 375 443
7794 134 408 473
7794 135 451 62
7794 136 414 47
7795 131 361 30
7795 132 435 397
7795 133 375 441
7795 134 407 470
7795 135 450 64
7795 136 414 49
7796 131 361 28
7796 132 435 400
7796 133 375 439
7796 134 407 468
7796 135 450 66
7796 136 414 51
7797 131 361 26
7797 132 436 402
7797 133 375 438
7797 134 407 465
7797 135 450 67
7797 136 414 53
7798 131 361 23
7798 132 436 405
7798 133 374 436
7798 134 407 463
7798 135 450 69
7798 136 413 56
7799 131 361 21
7799 132 437 407
7799 133 374 434
7799 134 407 460
7799 135 450 71
7799 136 413 58
7800 131 360 19
7800 132 437 409
7800 133 374 432
7800 134 407 458
7800 135 450 72
7800 136 413 60
7801 131 360 17
7801 132 438 412
7801 133 373 430
7801 134 406 455
7801 135 450 74
7801 136 413 62
7802 131 360 14
7802 132 438 414
7802 133 373 429
7802 134 406 453
7802 135 449 76
7802 136 413 64
7803 131 360 12
7803 132 438 417
7803 133 373 427
7803 134 406 450
7803 135 449 77
7803 136 413 66
7804 131 360 10
7804 132 439 419
7804 133 373 425
7804 134 405 448
7804 135 449 79
7804 136 413 68
7805 131 360 8
7805 132 439 421
7805 133 372 423
7805 134 405 446
7805 135 449 81
7805 136 413 70
7806 131 360 6
7806 132 440 424
7806 133 372 422
7806 134 405 443
7806 135 449 82
7806 136 413 72
7807 132 440 426
7807 133 372 420
7807 134 405 441
7807 135 449 84
7807 136 413 74
7808 132 441 429
7808 133 371 418
7808 134 404 439
7808 135 448 86
7808 136 413 76
7809 132 441 431
7809 133 371 416
7809 134 404 436
7809 135 448 87
7809 136 413 79
7810 132 442 434
7810 133 371 415
7810 134 404 434
7810 135 448 89
7810 136 412 80
7811 132 441 436
7811 133 371 413
7811 134 403 432
7811 135 448 91
7811 136 412 82
7812 132 441 438
7812 133 370 411
7812 134 403 429
7812 135 448 92
7812 136 412 84
7813 132 441 441
7813 133 370 409
7813 134 403 427
7813 135 448 94
7813 136 412 86
7814 132 441 443
7814 133 370 408
7814 134 403 425
7814 135 448 96
7814 136 412 88
7815 132 441 446
7815 133 369 406
7815 134 402 422
7815 135 447 98
7815 136 412 90
7816 132 441 448
7816 133 369 404
7816 134 402 420
7816 135 447 100
7816 136 412 92
7817 132 441 451
7817 133 369 402
7817 134 402 418
7817 135 447 102
7817 136 412 94
7818 132 441 453
7818 133 369 401
7818 134 401 415
7818 135 447 104
7818 136 412 96
7819 132 441 456
7819 133 368 399
7819 134 401 413
7819 135 447 106
7819 136 412 98
7820 132 440 458
7820 133 368 397
7820 134 401 411
7820 135 447 108
7820 136 412 100
7821 132 440 461
7821 133 367 395
7821 134 401 408
7821 135 447 110
7821 136 412 102
7822 132 440 463
7822 133 367 394
7822 134 400 406
7822 135 447 112
7822 136 412 104
7823 132 440 466
7823 133 367 392
7823 134 400 403
7823 135 447 114
7823 136 412 106
7824 132 440 468
7824 133 366 390
7824 134 400 401
7824 135 447 116
7824 136 412 108
7825 132 440 471
7825 133 366 389
7825 134 400 399
7825 135 447 118
7825 136 412 110
7826 132 440 473
7826 133 365 387
7826 134 399 396
7826 135 447 120
7826 136 412 111
7827 132 440 476
7827 133 365 385
7827 134 399 394
7827 135 447 122
7827 136 412 113
7828 132 440 478
7828 133 365 384
7828 134 399 392
7828 135 447 124
7828 136 412 115
7829 132 440 481
7829 133 364 382
7829 134 398 389
7829 135 447 126
7829 136 412 117
7830 132 439 483
7830 133 364 380
7830 134 398 387
7830 135 447 128
7830 136 412 119
7831 132 439 486
7831 133 363 379
7831 134 398 385
7831 135 447 130
7831 136 412 121
7832 132 439 488
7832 133 363 377
7832 134 398 382
7832 135 447 132
7832 136 412 123
7833 132 439 491
7833 133 363 375
7833 134 397 380
7833 135 447 134
7833 136 412 125
7834 132 439 493
7834 133 362 374
7834 134 397 378
7834 135 447 136
7834 136 411 127
7835 132 439 496
7835 133 362 372
7835 134 397 375
7835 135 447 138
7835 136 411 129
7836 132 439 498
7836 133 361 370
7836 134 396 373
7836 135 446 140
7836 136 411 131
7837 132 439 501
7837 133 361 369
7837 134 396 371
7837 135 446 142
7837 136 411 133
7838 132 439 503
7838 133 361 367
7838 134 396 368
7838 135 446 144
7838 136 411 135
7839 132 439 506
7839 133 360 365
7839 134 396 366
7839 135 446 146
7839 136 411 137
7840 132 438 508
7840 133 360 364
7840 134 395 364
7840 135 446 148
7840 136 411 139
7841 132 438 510
7841 133 359 362
7841 134 395 361
7841 135 446 150
7841 136 411 141
7842 132 438 513
7842 133 359 360
7842 134 395 359
7842 135 446 152
7842 136 411 142
7843 132 437 515
7843 133 359 359
7843 134 395 357
7843 135 446 154
7843 136 411 144
7844 132 437 518
7844 133 358 357
7844 134 394 354
7844 135 446 156
7844 136 411 146
7845 132 437 520
7845 133 358 355
7845 134 393 352
7845 135 446 158
7845 136 411 148
7846 132 436 522
7846 133 357 354
7846 134 393 350
7846 135 446 160
7846 136 411 150
7847 132 436 525
7847 133 357 352
7847 134 392 348
7847 135 446 162
7847 136 411 152
7848 132 436 527
7848 133 357 350
7848 134 391 346
7848 135 446 164
7848 136 411 154
7849 132 436 530
7849 133 356 349
7849 134 391 344
7849 135 446 166
7849 136 411 156
7850 132 435 532
7850 133 356 347
7850 134 390 342
7850 135 446 168
7850 136 411 158
7851 132 435 535
7851 133 355 345
7851 134 389 340
7851 135 446 170
7851 136 411 160
7852 132 435 537
7852 133 355 344
7852 134 389 338
7852 135 446 172
7852 136 411 162
7853 132 434 539
7853 133 355 342
7853 134 388 336
7853 135 446 174
7853 136 411 164
7854 132 434 542
7854 133 354 340
7854 134 387 334
7854 135 446 176
7854 136 411 166
7855 132 434 544
7855 133 354 339
7855 134 387 332
7855 135 446 178
7855 136 411 168
7856 132 433 547
7856 133 353 337
7856 134 386 330
7856 135 446 180
7856 136 411 170
7857 132 433 549
7857 133 353 335
7857 134 385 328
7857 135 446 182
7857 136 411 172
7858 132 433 551
7858 133 353 334
7858 134 385 326
7858 135 445 184
7858 136 410 174
7859 132 433 554
7859 133 352 332
7859 134 384 324
7859 135 445 186
7859 136 410 176
7860 132 432 556
7860 133 352 330
7860 134 383 322
7860 135 445 188
7860 136 410 178
7861 132 432 559
7861 133 352 329
7861 134 383 320
7861 135 445 190
7861 136 410 180
7862 132 432 561
7862 133 351 326
7862 134 382 318
7862 135 445 192
7862 136 410 182
7863 132 431 564
7863 133 350 324
7863 134 381 316
7863 135 445 194
7863 136 410 184
7864 132 431 566
7864 133 350 322
7864 134 381 314
7864 135 445 196
7864 136 410 186
7865 132 431 568
7865 133 349 320
7865 134 380 312
7865 135 445 198
7865 136 410 188
7866 132 430 571
7866 133 348 318
7866 134 379 310
7866 135 445 200
7866 136 410 190
7867 132 430 573
7867 133 348 316
7867 134 379 308
7867 135 445 202
7867 136 410 192
7868 132 430 576
7868 133 347 314
7868 134 378 306
7868 135 445 204
7868 136 410 194
7869 132 430 578
7869 133 346 312
7869 134 377 304
7869 135 444 206
7869 136 410 196
7870 132 429 581
7870 133 346 310
7870 134 377 302
7870 135 444 208
7870 136 410 198
7871 132 429 583
7871 133 345 308
7871 134 376 300
7871 135 444 210
7871 136 410 200
7872 132 429 585
7872 133 344 305
7872 134 375 298
7872 135 444 212
7872 136 410 202
7873 132 428 588
7873 133 344 303
7873 134 375 296
7873 135 444 214
7873 136 409 204
7874 132 428 590
7874 133 343 301
7874 134 374 294
7874 135 444 216
7874 136 409 206
7875 132 428 593
7875 133 342 299
7875 134 373 292
7875 135 444 218
7875 136 409 208
7876 132 427 595
7876 133 342 297
7876 134 373 290
7876 135 444 220
7876 136 409 210
7877 132 427 597
7877 133 341 295
7877 134 372 288
7877 135 444 222
7877 136 409 212
7878 132 427 600
7878 133 340 293
7878 134 371 286
7878 135 444 224
7878 136 409 214
7879 132 427 602
7879 133 340 291
7879 134 371 284
7879 135 444 226
7879 136 409 216
7880 132 426 605
7880 133 339 289
7880 134 370 282
7880 135 444 228
7880 136 409 218
7881 132 426 607
7881 133 338 287
7881 134 369 280
7881 135 443 231
7881 136 409 220
7882 132 426 610
7882 133 338 285
7882 134 369 278
7882 135 443 233
7882 136 409 222
7883 132 425 612
7883 133 337 282
7883 134 368 276
7883 135 443 235
7883 136 409 224
7884 132 425 614
7884 133 336 280
7884 134 367 274
7884 135 443 237
7884 136 409 226
7885 132 425 617
7885 133 336 278
7885 134 367 272
7885 135 443 239
7885 136 409 228
7886 132 424 619
7886 133 335 276
7886 134 366 270
7886 135 443 241
7886 136 409 230
7887 132 424 622
7887 133 334 274
7887 134 365 268
7887 135 443 243
7887 136 409 232
7888 132 424 624
7888 133 334 272
7888 134 365 266
7888 135 443 245
7888 136 409 234
7889 132 424 627
7889 133 333 270
7889 134 364 263
7889 135 443 247
7889 136 408 236
7890 132 423 629
7890 133 332 268
7890 134 364 261
7890 135 443 249
7890 136 408 238
7891 132 423 631
7891 133 332 266
7891 134 364 259
7891 135 443 251
7891 136 408 240
7892 132 423 634
7892 133 331 264
7892 134 363 257
7892 135 443 253
7892 136 408 242
7893 132 423 636
7893 133 331 262
7893 134 363 255
7893 135 442 255
7893 136 408 244
7894 132 423 639
7894 133 330 260
7894 134 363 253
7894 135 442 257
7894 136 408 246
7895 132 423 641
7895 133 329 258
7895 134 362 251
7895 135 442 259
7895 136 408 248
7896 132 423 644
7896 133 329 256
7896 134 362 249
7896 135 442 261
7896 136 408 250
7897 132 423 646
7897 133 328 254
7897 134 362 247
7897 135 442 263
7897 136 408 252
7898 132 423 649
7898 133 327 252
7898 134 361 245
7898 135 442 265
7898 136 408 254
7899 132 423 651
7899 133 327 250
7899 134 361 243
7899 135 442 267
7899 136 408 256
7900 132 422 654
7900 133 326 248
7900 134 361 241
7900 135 442 269
7900 136 408 258
7901 132 422 656
7901 133 325 246
7901 134 360 239
7901 135 442 271
7901 136 408 260
7902 132 422 659
7902 133 325 244
7902 134 360 237
7902 135 442 273
7902 136 408 262
7903 132 422 661
7903 133 324 242
7903 134 360 235
7903 135 442 275
7903 136 408 264
7904 132 422 664
7904 133 323 240
7904 134 359 233
7904 135 442 277
7904 136 408 266
7905 132 422 666
7905 133 323 238
7905 134 359 231
7905 135 441 280
7905 136 407 267
7906 132 422 669
7906 133 322 236
7906 134 359 229
7906 135 441 282
7906 136 407 269
7907 132 422 671
7907 133 321 234
7907 134 358 226
7907 135 441 284
7907 136 407 271
7908 132 422 674
7908 133 321 232
7908 134 358 224
7908 135 441 286
7908 136 407 273
7909 132 422 676
7909 133 320 230
7909 134 358 222
7909 135 441 288
7909 136 407 275
7910 132 421 679
7910 133 319 228
7910 134 357 220
7910 135 441 290
7910 136 407 277
7911 132 421 681
7911 133 319 226
7911 134 357 218
7911 135 441 292
7911 136 407 279
7912 132 421 684
7912 133 318 225
7912 134 357 216
7912 135 441 294
7912 136 406 281
7913 132 421 686
7913 133 318 223
7913 134 356 214
7913 135 441 296
7913 136 406 283
7914 132 421 689
7914 133 317 221
7914 134 356 212
7914 135 441 298
7914 136 406 285
7915 132 421 691
7915 133 316 219
7915 134 356 210
7915 135 441 300
7915 136 406 287
7916 132 421 694
7916 133 316 217
7916 134 355 208
7916 135 441 302
7916 136 406 289
7917 132 421 696
7917 133 315 215
7917 134 355 206
7917 135 440 304
7917 136 406 291
7918 132 421 699
7918 133 314 213
7918 134 355 204
7918 135 440 306
7918 136 406 293
7919 132 421 701
7919 133 314 211
7919 134 354 202
7919 135 440 308
7919 136 405 295
7920 132 421 704
7920 133 313 209
7920 134 354 200
7920 135 440 310
7920 136 405 297
7921 133 312 207
7921 134 354 198
7921 135 440 312
7921 136 405 299
7922 133 312 205
7922 134 353 196
7922 135 440 314
7922 136 405 301
7923 133 311 203
7923 134 353 194
7923 135 440 316
7923 136 405 303
7924 133 310 201
7924 134 353 192
7924 135 440 318
7924 136 405 305
7925 133 310 199
7925 134 352 190
7925 135 440 320
7925 136 405 307
7926 133 309 197
7926 134 351 188
7926 135 440 322
7926 136 404 309
7927 133 308 195
7927 134 350 186
7927 135 440 324
7927 136 404 311
7928 133 308 193
7928 134 349 184
7928 135 440 327
7928 136 404 313
7929 133 307 191
7929 134 349 182
7929 135 440 329
7929 136 404 315
7930 133 307 190
7930 134 348 180
7930 135 440 331
7930 136 404 317
7931 133 306 188
7931 134 347 178
7931 135 440 334
7931 136 404 319
7932 133 306 186
7932 134 346 176
7932 135 440 336
7932 136 404 321
7933 133 305 184
7933 134 346 174
7933 135 440 338
7933 136 404 323
7934 133 305 182
7934 134 345 172
7934 135 440 341
7934 136 403 325
7935 133 304 180
7935 134 344 170
7935 135 440 343
7935 136 403 327
7936 133 304 178
7936 134 343 168
7936 135 440 345
7936 136 403 329
7937 133 304 177
7937 134 343 166
7937 135 440 348
7937 136 403 331
7938 133 303 175
7938 134 342 164
7938 135 440 350
7938 136 403 333
7939 133 303 173
7939 134 341 162
7939 135 440 352
7939 136 403 335
7940 133 302 171
7940 134 340 160
7940 135 440 355
7940 136 403 337
7941 133 302 169
7941 134 339 158
7941 135 440 357
7941 136 402 339
7942 133 302 167
7942 134 339 156
7942 135 440 359
7942 136 402 341
7943 133 301 166
7943 134 338 154
7943 135 440 362
7943 136 402 343
7944 133 301 164
7944 134 337 153
7944 135 440 364
7944 136 402 345
7945 133 300 162
7945 134 336 151
7945 135 440 366
7945 136 402 347
7946 133 300 160
7946 134 336 149
7946 135 440 369
7946 136 402 349
7947 133 300 158
7947 134 335 147
7947 135 440 371
7947 136 402 351
7948 133 299 156
7948 134 334 145
7948 135 440 373
7948 136 401 353
7949 133 299 155
7949 134 333 143
7949 135 440 376
7949 136 401 355
7950 133 298 153
7950 134 333 141
7950 135 440 378
7950 136 401 357
7951 133 298 151
7951 134 332 139
7951 135 440 380
7951 136 401 359
7952 133 298 149
7952 134 331 137
7952 135 440 383
7952 136 401 361
7953 133 297 147
7953 134 330 135
7953 135 440 385
7953 136 401 363
7954 133 297 145
7954 134 329 133
7954 135 440 387
7954 136 401 365
7955 133 296 144
7955 134 329 131
7955 135 440 390
7955 136 400 367
7956 133 296 142
7956 134 328 129
7956 135 440 392
7956 136 400 369
7957 133 296 140
7957 134 327 127
7957 135 440 394
7957 136 400 371
7958 133 295 138
7958 134 326 125
7958 135 440 397
7958 136 400 373
7959 133 295 136
7959 134 326 123
7959 135 440 399
7959 136 400 375
7960 133 294 134
7960 134 325 121
7960 135 440 401
7960 136 400 377
7961 133 294 133
7961 134 324 119
7961 135 440 404
7961 136 400 379
7962 133 294 131
7962 134 323 117
7962 135 440 406
7962 136 400 381
7963 133 293 129
7963 134 323 116
7963 135 440 408
7963 136 399 383
7964 133 293 127
7964 134 322 114
7964 135 440 411
7964 136 399 385
7965 133 292 125
7965 134 321 112
7965 135 440 413
7965 136 399 388
7966 133 292 123
7966 134 321 110
7966 135 440 415
7966 136 399 390
7967 133 292 122
7967 134 320 108
7967 135 440 418
7967 136 399 393
7968 133 291 120
7968 134 319 106
7968 135 440 420
7968 136 399 395
7969 133 290 118
7969 134 319 104
7969 135 440 422
7969 136 398 397
7970 133 289 117
7970 134 318 102
7970 135 440 425
7970 136 398 400
7971 133 289 115
7971 134 317 100
7971 135 440 427
7971 136 398 402
7972 133 288 113
7972 134 317 99
7972 135 440 429
7972 136 398 405
7973 133 287 112
7973 134 316 97
7973 135 440 432
7973 136 398 407
7974 133 286 110
7974 134 315 95
7974 135 440 434
7974 136 398 409
7975 133 286 109
7975 134 315 93
7975 135 440 436
7975 136 398 412
7976 133 285 107
7976 134 314 91
7976 135 440 439
7976 136 397 414
7977 133 284 105
7977 134 313 89
7977 135 440 441
7977 136 397 417
7978 133 283 104
7978 134 313 87
7978 135 440 443
7978 136 397 419
7979 133 283 102
7979 134 312 85
7979 135 440 446
7979 136 397 422
7980 133 282 100
7980 134 312 84
7980 135 440 448
7980 136 397 424
7981 133 281 99
7981 134 311 82
7981 135 440 450
7981 136 397 426
7982 133 280 97
7982 134 310 80
7982 135 440 453
7982 136 396 429
7983 133 280 96
7983 134 310 78
7983 135 440 455
7983 136 396 431
7984 133 279 94
7984 134 309 76
7984 135 440 457
7984 136 396 434
7985 133 278 92
7985 134 308 74
7985 135 440 460
7985 136 396 436
7986 133 278 91
7986 134 308 72
7986 135 440 462
7986 136 396 438
7987 133 277 89
7987 134 307 70
7987 135 440 464
7987 136 396 441
7988 133 276 88
7988 134 306 68
7988 135 440 467
7988 136 396 443
7989 133 275 86
7989 134 306 67
7989 135 440 469
7989 136 395 446
7990 133 275 84
7990 134 305 65
7990 135 440 471
7990 136 395 448
7991 133 274 83
7991 134 304 63
7991 135 440 473
7991 136 395 451
7992 133 273 81
7992 134 304 61
7992 135 440 475
7992 136 395 453
7993 133 272 79
7993 134 303 59
7993 135 441 477
7993 136 395 455
7994 133 272 78
7994 134 302 57
7994 135 441 480
7994 136 395 458
7995 133 271 76
7995 134 302 55
7995 135 441 482
7995 136 395 460
7996 133 270 75
7996 134 301 53
7996 135 441 484
7996 136 394 463
7997 133 269 73
7997 134 301 52
7997 135 442 486
7997 136 394 465
7998 133 269 71
7998 134 299 50
7998 135 442 488
7998 136 394 467
7999 133 268 70
7999 134 297 48
7999 135 442 490
7999 136 394 470
8000 133 267 68
8000 134 296 47
8000 135 442 493
8000 136 394 472
8001 133 267 67
8001 134 294 45
8001 135 443 495
8001 136 394 475
8002 133 266 66
8002 134 293 44
8002 135 443 497
8002 136 393 477
8003 133 265 65
8003 134 291 42
8003 135 443 499
8003 136 393 480
8004 133 264 64
8004 134 290 41
8004 135 443 501
8004 136 393 482
8005 133 263 63
8005 134 288 39
8005 135 444 503
8005 136 393 484
8006 133 262 63
8006 134 286 38
8006 135 444 506
8006 136 393 487
8007 133 262 62
8007 134 285 36
8007 135 444 508
8007 136 393 489
8007 137 585 417
8008 133 261 61
8008 134 283 35
8008 135 444 510
8008 136 393 492
8008 137 584 418
8009 133 260 60
8009 134 282 33
8009 135 445 512
8009 136 392 494
8009 137 583 419
8010 133 259 60
8010 134 280 32
8010 135 445 514
8010 136 392 496
8010 137 582 420
8011 133 258 59
8011 134 279 30
8011 135 445 517
8011 136 392 499
8011 137 581 421
8012 133 258 58
8012 134 277 29
8012 135 445 519
8012 136 392 501
8012 137 581 422
8012 138 585 388
8013 133 257 57
8013 134 276 27
8013 135 446 521
8013 136 392 504
8013 137 580 423
8013 138 583 389
8014 133 256 56
8014 134 274 25
8014 135 446 523
8014 136 392 506
8014 137 579 424
8014 138 582 390
8015 133 255 56
8015 134 272 24
8015 135 446 525
8015 136 392 509
8015 137 578 426
8015 138 581 391
8016 133 254 55
8016 134 271 22
8016 135 446 527
8016 136 392 511
8016 137 578 427
8016 138 579 392
8017 133 254 54
8017 134 269 21
8017 135 447 530
8017 136 392 513
8017 137 577 428
8017 138 578 393
8018 133 253 53
8018 134 268 19
8018 135 447 532
8018 136 392 515
8018 137 576 429
8018 138 577 395
8019 133 252 53
8019 134 266 18
8019 135 447 534
8019 136 392 517
8019 137 575 430
8019 138 575 396
8020 133 251 52
8020 134 265 16
8020 135 447 536
8020 136 393 520
8020 137 574 431
8020 138 574 397
8021 133 250 51
8021 134 263 15
8021 135 448 538
8021 136 393 522
8021 137 574 432
8021 138 573 398
8022 133 250 50
8022 134 261 13
8022 135 448 540
8022 136 393 524
8022 137 573 434
8022 138 572 399
8023 133 249 49
8023 134 260 12
8023 135 448 543
8023 136 393 526
8023 137 572 435
8023 138 570 400
8024 133 248 49
8024 134 258 10
8024 135 448 545
8024 136 394 529
8024 137 571 436
8024 138 569 402
8025 133 247 48
8025 134 257 9
8025 135 449 547
8025 136 394 531
8025 137 571 437
8025 138 568 403
8026 133 246 47
8026 134 255 7
8026 135 449 549
8026 136 394 533
8026 137 570 438
8026 138 566 404
8027 133 246 46
8027 134 254 6
8027 135 449 551
8027 136 394 535
8027 137 569 439
8027 138 565 405
8028 133 245 46
8028 134 252 4
8028 135 449 554
8028 136 395 538
8028 137 568 440
8028 138 564 406
8029 133 244 45
8029 134 251 3
8029 135 450 556
8029 136 395 540
8029 137 567 442
8029 138 562 407
8030 133 243 44
8030 135 450 558
8030 136 395 542
8030 137 567 443
8030 138 561 409
8031 133 242 43
8031 135 450 560
8031 136 395 544
8031 137 566 444
8031 138 560 410
8032 133 242 42
8032 135 450 562
8032 136 396 547
8032 137 565 445
8032 138 559 411
8033 133 241 42
8033 135 451 564
8033 136 396 549
8033 137 564 446
8033 138 557 412
8034 133 240 41
8034 135 451 567
8034 136 396 551
8034 137 564 447
8034 138 556 413
8035 133 239 40
8035 135 451 569
8035 136 396 553
8035 137 563 448
8035 138 555 414
8036 133 238 39
8036 135 451 571
8036 136 397 556
8036 137 562 450
8036 138 553 416
8037 133 238 39
8037 135 452 573
8037 136 397 558
8037 137 561 451
8037 138 552 417
8038 133 237 38
8038 135 452 575
8038 136 397 560
8038 137 560 452
8038 138 551 418
8039 133 236 38
8039 135 452 577
8039 136 397 562
8039 137 560 453
8039 138 549 419
8040 133 235 37
8040 135 452 580
8040 136 398 565
8040 137 559 454
8040 138 548 420
8041 133 234 37
8041 135 453 582
8041 136 398 567
8041 137 558 455
8041 138 547 421
8042 133 233 36
8042 135 453 584
8042 136 398 569
8042 137 557 456
8042 138 546 423
8043 133 232 36
8043 135 453 586
8043 136 398 571
8043 137 557 458
8043 138 543 424
8044 133 231 35
8044 135 453 588
8044 136 399 574
8044 137 554 459
8044 138 541 425
8045 133 231 35
8045 135 454 591
8045 136 399 576
8045 137 552 461
8045 138 539 427
8046 133 230 34
8046 135 453 593
8046 136 399 578
8046 137 550 462
8046 138 536 428
8047 133 229 34
8047 135 453 595
8047 136 399 580
8047 137 548 464
8047 138 534 430
8048 133 228 33
8048 135 453 597
8048 136 400 583
8048 137 546 465
8048 138 532 431
8049 133 227 33
8049 135 453 600
8049 136 400 585
8049 137 544 467
8049 138 529 433
8050 133 226 32
8050 135 453 602
8050 136 400 587
8050 137 542 468
8050 138 527 434
8051 133 225 32
8051 135 453 604
8051 136 400 589
8051 137 540 470
8051 138 525 436
8052 133 225 31
8052 135 453 607
8052 136 401 592
8052 137 538 471
8052 138 523 437
8053 133 224 31
8053 135 453 609
8053 136 401 594
8053 137 536 473
8053 138 520 438
8054 133 223 30
8054 135 453 611
8054 136 401 596
8054 137 534 474
8054 138 518 440
8055 133 222 30
8055 135 453 614
8055 136 401 598
8055 137 532 476
8055 138 516 441
8056 133 221 29
8056 135 453 616
8056 136 402 601
8056 137 530 477
8056 138 513 443
8057 133 220 29
8057 135 453 618
8057 136 402 603
8057 137 528 479
8057 138 511 444
8058 133 219 28
8058 135 453 621
8058 136 402 605
8058 137 526 480
8058 138 509 446
8059 133 219 28
8059 135 452 623
8059 136 402 607
8059 137 524 482
8059 138 506 447
8060 133 218 27
8060 135 452 625
8060 136 403 610
8060 137 522 483
8060 138 504 449
8061 133 217 27
8061 135 452 628
8061 136 403 612
8061 137 520 485
8061 138 502 450
8062 133 216 26
8062 135 452 630
8062 136 403 614
8062 137 518 486
8062 138 500 451
8063 133 215 26
8063 135 452 632
8063 136 403 616
8063 137 516 488
8063 138 497 453
8064 133 214 25
8064 135 452 635
8064 136 404 619
8064 137 514 489
8064 138 495 454
8065 133 213 25
8065 135 452 637
8065 136 403 621
8065 137 512 491
8065 138 493 456
8066 133 212 24
8066 135 452 639
8066 136 403 623
8066 137 510 492
8066 138 490 457
8067 133 212 24
8067 135 452 642
8067 136 403 625
8067 137 508 494
8067 138 488 459
8068 133 211 23
8068 135 452 644
8068 136 403 627
8068 137 506 495
8068 138 486 460
8069 133 210 23
8069 135 452 646
8069 136 403 629
8069 137 504 497
8069 138 484 462
8070 133 209 22
8070 135 452 649
8070 136 403 631
8070 137 502 498
8070 138 481 463
8071 133 208 22
8071 135 452 651
8071 136 403 634
8071 137 500 500
8071 138 479 465
8072 133 207 21
8072 135 451 653
8072 136 403 636
8072 137 498 501
8072 138 477 467
8073 133 206 21
8073 135 451 656
8073 136 403 638
8073 137 496 503
8073 138 475 469
8074 133 206 20
8074 135 451 658
8074 136 403 640
8074 137 494 504
8074 138 473 470
8075 133 205 20
8075 135 451 660
8075 136 402 642
8075 137 492 506
8075 138 471 472
8076 133 204 19
8076 135 451 663
8076 136 402 644
8076 137 490 507
8076 138 469 474
8077 133 203 19
8077 135 451 665
8077 136 402 646
8077 137 488 509
8077 138 467 476
8078 133 202 18
8078 135 451 667
8078 136 402 649
8078 137 486 510
8078 138 465 477
8079 133 201 18
8079 135 451 670
8079 136 402 651
8079 137 484 512
8079 138 463 479
8080 133 200 17
8080 135 451 672
8080 136 402 653
8080 137 482 513
8080 138 461 481
8081 133 200 17
8081 135 451 674
8081 136 402 655
8081 137 480 515
8081 138 458 483
8082 135 451 677
8082 136 402 657
8082 137 478 516
8082 138 456 485
8083 135 451 679
8083 136 402 659
8083 137 476 518
8083 138 454 486
8084 135 451 681
8084 136 402 661
8084 137 475 519
8084 138 452 488
8085 135 450 684
8085 136 401 664
8085 137 474 521
8085 138 450 490
8086 135 450 686
8086 136 401 666
8086 137 473 522
8086 138 448 492
8087 135 450 688
8087 136 401 668
8087 137 472 524
8087 138 446 493
8088 135 450 691
8088 136 401 670
8088 137 471 526
8088 138 444 495
8089 135 450 693
8089 136 401 672
8089 137 470 527
8089 138 442 497
8090 135 450 695
8090 136 401 674
8090 137 469 529
8090 138 440 499
8091 135 450 698
8091 136 401 676
8091 137 468 530
8091 138 438 501
8092 135 450 700
8092 136 401 679
8092 137 467 532
8092 138 437 502
8093 135 450 702
8093 136 401 681
8093 137 466 534
8093 138 436 504
8094 135 450 705
8094 136 401 683
8094 137 465 535
8094 138 435 506
8095 135 450 707
8095 136 400 685
8095 137 464 537
8095 138 434 508
8096 135 450 709
8096 136 400 687
8096 137 463 538
8096 138 433 509
8097 135 450 712
8097 136 400 689
8097 137 462 540
8097 138 433 511
8098 136 400 691
8098 137 461 542
8098 138 432 513
8099 136 400 694
8099 137 460 543
8099 138 431 515
8100 136 400 696
8100 137 459 545
8100 138 430 517
8101 136 400 698
8101 137 458 546
8101 138 429 518
8102 136 400 700
8102 137 457 548
8102 138 428 520
8103 136 400 702
8103 137 456 550
8103 138 428 522
8104 136 400 704
8104 137 455 551
8104 138 427 524
8105 136 400 707
8105 137 454 553
8105 138 426 525
8106 137 453 555
8106 138 425 527
8107 137 452 556
8107 138 424 529
8108 137 451 558
8108 138 423 531
8109 137 450 560
8109 138 423 533
8110 137 449 561
8110 138 422 534
8111 137 448 563
8111 138 421 536
8112 137 447 565
8112 138 420 538
8113 137 446 566
8113 138 419 540
8114 137 445 568
8114 138 419 542
8115 137 444 570
8115 138 418 544
8116 137 443 571
8116 138 417 547
8117 137 442 573
8117 138 416 549
8118 137 441 575
8118 138 415 552
8119 137 441 577
8119 138 414 554
8120 137 440 578
8120 138 413 557
8121 137 439 580
8121 138 413 559
8122 137 438 582
8122 138 412 562
8123 137 437 583
8123 138 411 564
8124 137 436 585
8124 138 410 567
8125 137 435 587
8125 138 409 570
8126 137 434 588
8126 138 408 572
8127 137 433 590
8127 138 407 575
8128 137 432 592
8128 138 407 577
8129 137 431 593
8129 138 406 580
8130 137 430 595
8130 138 405 582
8131 137 429 597
8131 138 404 585
8132 137 429 599
8132 138 403 587
8133 137 429 601
8133 138 402 590
8134 137 429 603
8134 138 402 593
8135 137 429 605
8135 138 401 595
8136 137 429 607
8136 138 401 597
8137 137 429 609
8137 138 401 599
8138 137 429 611
8138 138 400 601
8139 137 429 613
8139 138 400 603
8140 137 429 615
8140 138 400 605
8141 137 429 617
8141 138 399 607
8142 137 429 619
8142 138 399 609
8143 137 429 621
8143 138 399 612
8144 137 429 623
8144 138 399 614
8145 137 429 625
8145 138 398 616
8146 137 429 627
8146 138 398 618
8147 137 429 629
8147 138 398 620
8148 137 429 631
8148 138 397 622
8149 137 429 634
8149 138 397 624
8150 137 429 636
8150 138 397 626
8151 137 429 638
8151 138 397 629
8152 137 429 641
8152 138 396 631
8153 137 429 643
8153 138 396 633
8154 137 429 646
8154 138 396 635
8155 137 429 648
8155 138 396 638
8156 137 429 651
8156 138 396 640
8157 137 429 653
8157 138 395 642
8158 137 429 656
8158 138 395 644
8159 137 429 658
8159 138 395 647
8160 137 429 661
8160 138 395 649
8161 137 429 663
8161 138 395 651
8162 137 429 666
8162 138 394 653
8163 137 429 668
8163 138 394 656
8164 137 429 671
8164 138 394 658
8165 137 429 673
8165 138 394 660
8166 137 429 676
8166 138 394 662
8167 137 429 678
8167 138 393 665
8168 137 429 681
8168 138 393 667
8169 137 429 683
8169 138 393 669
8170 137 429 686
8170 138 393 671
8171 137 429 688
8171 138 393 674
8172 137 429 691
8172 138 392 676
8173 137 429 693
8173 138 392 678
8174 137 429 696
8174 138 392 680
8175 137 429 698
8175 138 392 683
8176 137 429 701
8176 138 392 685
8177 137 429 703
8177 138 391 687
8178 137 429 706
8178 138 391 689
8179 138 391 692
8180 138 391 694
8181 138 391 696
8182 138 390 698
8183 138 390 701
8184 138 390 703
8185 138 390 705
8186 138 390 708
