8359 139 426 9
8360 139 425 11
8361 139 425 14
8362 139 424 16
8363 139 424 19
8364 139 424 22
8365 139 423 24
8366 139 423 27
8367 139 423 29
8368 139 422 32
8369 139 422 35
8370 139 422 37
8371 139 421 40
8372 139 421 43
8373 139 421 45
8374 139 420 48
8375 139 420 50
8376 139 420 53
8377 139 419 56
8378 139 419 58
8379 139 418 61
8380 139 418 64
8381 139 418 66
8382 139 417 69
8383 139 417 71
8384 139 417 74
8385 139 416 77
8386 139 416 79
8387 139 416 82
8388 139 415 85
8389 139 415 87
8390 139 415 90
8391 139 414 92
8392 139 414 95
8393 139 414 98
8394 139 413 100
8395 139 413 103
8396 139 413 106
8397 139 412 108
8398 139 412 111
8399 139 412 113
8400 139 412 116
8401 139 412 118
8402 139 412 121
8403 139 412 124
8403 140 302 715
8404 139 412 126
8404 140 302 712
8405 139 412 129
8405 140 303 709
8406 139 412 131
8406 140 303 706
8407 139 412 134
8407 140 304 703
8408 139 412 136
8408 140 304 701
8409 139 412 139
8409 140 305 698
8410 139 412 142
8410 140 305 695
8411 139 411 144
8411 140 306 692
8412 139 411 147
8412 140 306 689
8413 139 411 149
8413 140 307 687
8414 139 411 152
8414 140 308 684
8415 139 411 154
8415 140 308 681
8416 139 411 157
8416 140 309 678
8417 139 411 160
8417 140 309 675
8418 139 411 162
8418 140 310 673
8419 139 411 165
8419 140 310 670
8420 139 411 167
8420 140 311 667
8421 139 411 170
8421 140 311 664
8422 139 411 172
8422 140 312 661
8423 139 411 175
8423 140 313 659
8424 139 411 178
8424 140 313 656
8425 139 410 180
8425 140 314 653
8426 139 410 183
8426 140 314 650
8427 139 410 185
8427 140 315 647
8428 139 410 188
8428 140 315 645
8429 139 410 190
8429 140 316 642
8430 139 410 193
8430 140 316 639
8431 139 410 196
8431 140 317 636
8432 139 410 198
8432 140 318 634
8433 139 410 201
8433 140 318 631
8434 139 410 203
8434 140 318 628
8435 139 410 206
8435 140 319 625
8436 139 410 208
8436 140 319 622
8437 139 410 211
8437 140 320 619
8438 139 410 214
8438 140 320 616
8439 139 409 216
8439 140 321 613
8440 139 409 219
8440 140 321 610
8441 139 409 221
8441 140 322 607
8442 139 409 224
8442 140 322 604
8443 139 409 226
8443 140 323 601
8444 139 409 229
8444 140 323 598
8445 139 409 231
8445 140 324 595
8446 139 409 234
8446 140 324 592
8447 139 409 236
8447 140 325 590
8448 139 409 239
8448 140 325 587
8449 139 409 241
8449 140 326 584
8450 139 409 244
8450 140 326 581
8451 139 409 247
8451 140 327 578
8452 139 409 249
8452 140 327 575
8453 139 409 252
8453 140 328 572
8454 139 409 254
8454 140 328 569
8455 139 409 257
8455 140 329 566
8456 139 409 259
8456 140 329 563
8457 139 409 262
8457 140 330 560
8458 139 409 264
8458 140 330 557
8459 139 409 267
8459 140 331 554
8460 139 409 269
8460 140 331 551
8461 139 409 272
8461 140 332 549
8462 139 409 274
8462 140 332 546
8463 139 409 277
8463 140 332 543
8464 139 409 280
8464 140 333 540
8465 139 409 282
8465 140 333 537
8466 139 409 285
8466 140 334 534
8467 139 409 287
8467 140 334 531
8468 139 409 290
8468 140 335 528
8469 139 409 292
8469 140 335 525
8470 139 409 295
8470 140 336 523
8471 139 409 297
8471 140 336 520
8472 139 409 300
8472 140 337 517
8473 139 409 302
8473 140 337 514
8474 139 409 305
8474 140 338 511
8475 139 409 307
8475 140 338 508
8476 139 409 310
8476 140 339 505
8477 139 409 313
8477 140 339 502
8478 139 408 314
8478 140 340 500
8479 139 408 315
8479 140 340 497
8480 139 408 317
8480 140 341 494
8481 139 408 318
8481 140 341 491
8482 139 408 319
8482 140 342 488
8483 139 408 321
8483 140 342 485
8484 139 408 322
8484 140 343 482
8485 139 408 323
8485 140 343 479
8486 139 408 325
8486 140 344 477
8487 139 408 326
8487 140 343 474
8488 139 408 327
8488 140 342 471
8489 139 408 329
8489 140 341 469
8490 139 408 330
8490 140 341 466
8491 139 408 331
8491 140 340 464
8492 139 408 333
8492 140 339 461
8493 139 408 334
8493 140 338 458
8494 139 407 335
8494 140 338 456
8495 139 407 337
8495 140 337 453
8496 139 407 338
8496 140 336 451
8497 139 407 339
8497 140 335 448
8498 139 407 341
8498 140 335 446
8499 139 407 342
8499 140 334 443
8500 139 407 343
8500 140 333 440
8501 139 407 345
8501 140 332 438
8502 139 407 346
8502 140 332 435
8503 139 407 347
8503 140 331 433
8504 139 407 349
8504 140 330 430
8505 139 407 350
8505 140 329 427
8506 139 407 351
8506 140 329 425
8507 139 407 353
8507 140 328 422
8508 139 407 354
8508 140 327 420
8509 139 407 355
8509 140 326 417
8510 139 407 357
8510 140 326 415
8511 139 406 358
8511 140 325 412
8512 139 406 359
8512 140 324 409
8513 139 406 360
8513 140 323 407
8514 139 406 362
8514 140 323 404
8515 139 406 363
8515 140 322 402
8516 139 405 364
8516 140 321 399
8517 139 405 366
8517 140 321 397
8518 139 405 367
8518 140 320 394
8519 139 405 368
8519 140 320 392
8520 139 405 370
8520 140 320 389
8521 139 404 371
8521 140 320 387
8522 139 404 372
8522 140 319 384
8523 139 404 374
8523 140 319 382
8524 139 404 375
8524 140 319 379
8525 139 404 376
8525 140 319 377
8526 139 404 378
8526 140 319 374
8527 139 403 380
8527 140 318 372
8528 139 403 382
8528 140 318 369
8529 139 403 384
8529 140 318 367
8530 139 403 386
8530 140 318 365
8531 139 403 388
8531 140 317 362
8532 139 402 390
8532 140 317 360
8533 139 402 392
8533 140 317 357
8534 139 402 394
8534 140 317 355
8535 139 402 396
8535 140 317 352
8536 139 402 398
8536 140 316 350
8537 139 402 400
8537 140 316 347
8538 139 401 402
8538 140 316 345
8539 139 401 404
8539 140 316 342
8540 139 401 406
8540 140 316 340
8541 139 401 408
8541 140 315 337
8542 139 401 410
8542 140 315 335
8543 139 401 412
8543 140 315 333
8544 139 400 414
8544 140 315 330
8545 139 400 416
8545 140 314 328
8546 139 400 418
8546 140 314 325
8547 139 400 420
8547 140 314 323
8548 139 400 422
8548 140 314 320
8549 139 400 424
8549 140 314 318
8550 139 399 426
8550 140 313 315
8551 139 399 428
8551 140 313 313
8552 139 399 431
8552 140 313 310
8552 148 210 23
8553 139 399 433
8553 140 313 308
8553 148 210 23
8554 139 399 436
8554 140 313 306
8554 148 211 24
8555 139 399 438
8555 140 312 303
8555 148 211 24
8556 139 398 441
8556 140 312 300
8556 148 212 25
8557 139 398 443
8557 140 311 298
8557 148 213 25
8558 139 398 446
8558 140 311 295
8558 148 213 26
8559 139 398 448
8559 140 311 293
8559 148 214 26
8560 139 398 450
8560 140 310 290
8560 148 215 27
8561 139 398 453
8561 140 310 288
8561 148 215 27
8562 139 397 455
8562 140 310 285
8562 148 216 28
8563 139 397 458
8563 140 309 283
8563 148 216 28
8564 139 397 460
8564 140 309 280
8564 148 217 29
8565 139 397 463
8565 140 308 278
8565 148 218 29
8566 139 397 465
8566 140 308 275
8566 148 218 30
8567 139 397 468
8567 140 308 273
8567 148 219 31
8568 139 396 470
8568 140 307 270
8568 148 220 31
8569 139 396 472
8569 140 307 268
8569 148 220 32
8570 139 396 475
8570 140 307 265
8570 148 221 32
8571 139 396 477
8571 140 306 263
8571 148 222 33
8572 139 396 480
8572 140 306 260
8572 148 222 33
8573 139 396 482
8573 140 306 258
8573 148 223 34
8574 139 395 485
8574 140 305 255
8574 148 223 34
8575 139 395 487
8575 140 305 253
8575 148 224 35
8576 139 395 490
8576 140 304 250
8576 148 225 35
8577 139 395 492
8577 140 304 248
8577 148 225 36
8578 139 395 494
8578 140 304 245
8578 148 226 36
8579 139 395 497
8579 140 303 243
8579 148 227 37
8580 139 394 499
8580 140 303 240
8580 148 227 37
8581 139 394 502
8581 140 303 238
8581 148 228 38
8582 139 394 504
8582 140 302 235
8582 141 586 339
8582 148 229 39
8583 139 394 507
8583 140 302 233
8583 141 583 337
8583 148 229 39
8584 139 394 509
8584 140 302 230
8584 141 580 336
8584 148 230 39
8585 139 394 512
8585 140 301 228
8585 141 577 335
8585 148 230 39
8586 139 393 513
8586 140 301 225
8586 141 574 334
8586 148 231 39
8587 139 393 515
8587 140 300 223
8587 141 571 333
8587 148 231 39
8588 139 393 517
8588 140 300 220
8588 141 568 332
8588 148 232 39
8589 139 393 519
8589 140 300 218
8589 141 566 330
8589 148 232 40
8590 139 393 521
8590 140 299 215
8590 141 563 329
8590 148 233 40
8591 139 393 522
8591 140 299 213
8591 141 560 328
8591 148 234 40
8592 139 393 524
8592 140 299 210
8592 141 557 327
8592 148 234 40
8593 139 393 526
8593 140 298 208
8593 141 554 326
8593 148 235 40
8594 139 393 528
8594 140 298 205
8594 141 551 325
8594 148 235 40
8595 139 393 530
8595 140 298 203
8595 141 548 324
8595 148 236 40
8596 139 393 531
8596 140 298 200
8596 141 546 322
8596 148 236 41
8597 139 393 533
8597 140 298 198
8597 141 543 321
8597 148 237 41
8598 139 393 535
8598 140 298 196
8598 141 540 320
8598 148 238 41
8599 139 393 537
8599 140 298 194
8599 141 537 319
8599 148 238 41
8600 139 393 539
8600 140 298 192
8600 141 534 318
8600 148 239 41
8601 139 393 540
8601 140 298 190
8601 141 531 317
8601 148 239 41
8602 139 393 542
8602 140 298 188
8602 141 529 316
8602 142 586 366
8602 148 240 42
8603 139 393 544
8603 140 298 185
8603 141 525 314
8603 142 584 365
8603 148 240 42
8604 139 393 546
8604 140 298 183
8604 141 521 312
8604 142 583 364
8604 148 241 42
8605 139 393 548
8605 140 298 181
8605 141 517 310
8605 142 582 364
8605 148 242 42
8606 139 393 549
8606 140 298 179
8606 141 513 309
8606 142 581 363
8606 148 242 42
8607 139 393 551
8607 140 298 177
8607 141 509 307
8607 142 580 363
8607 148 243 42
8608 139 393 553
8608 140 298 175
8608 141 505 305
8608 142 579 362
8608 148 243 42
8609 139 392 555
8609 140 298 173
8609 141 501 304
8609 142 578 362
8609 148 244 43
8610 139 392 557
8610 140 298 171
8610 141 497 302
8610 142 577 361
8610 148 244 43
8611 139 392 559
8611 140 298 168
8611 141 493 300
8611 142 576 361
8611 148 245 43
8612 139 392 560
8612 140 298 166
8612 141 490 299
8612 142 575 360
8612 148 245 43
8613 139 392 562
8613 140 298 164
8613 141 486 297
8613 142 574 359
8613 148 246 43
8614 139 392 564
8614 140 298 162
8614 141 482 295
8614 142 573 359
8614 148 247 43
8615 139 392 566
8615 140 298 160
8615 141 478 294
8615 142 572 358
8615 148 247 43
8616 139 392 568
8616 140 298 158
8616 141 474 292
8616 142 571 358
8616 148 248 44
8617 139 392 569
8617 140 298 156
8617 141 470 290
8617 142 569 357
8617 148 248 44
8618 139 392 571
8618 140 298 154
8618 141 466 289
8618 142 568 357
8618 148 249 44
8619 139 392 573
8619 140 298 151
8619 141 462 287
8619 142 567 356
8619 148 249 44
8620 139 392 575
8620 140 298 149
8620 141 458 285
8620 142 566 356
8620 148 250 44
8621 139 392 577
8621 140 298 147
8621 141 455 284
8621 142 565 355
8621 148 251 44
8622 139 392 578
8622 140 298 145
8622 141 453 282
8622 142 564 354
8622 148 251 45
8623 139 392 580
8623 140 298 143
8623 141 452 281
8623 142 563 354
8623 143 373 715
8623 148 252 45
8624 139 392 582
8624 140 298 141
8624 141 451 280
8624 142 562 353
8624 143 372 712
8624 148 252 45
8625 139 392 584
8625 140 298 139
8625 141 449 278
8625 142 561 353
8625 143 371 710
8625 148 253 45
8626 139 392 586
8626 140 298 137
8626 141 448 277
8626 142 560 352
8626 143 370 708
8626 148 253 45
8627 139 392 587
8627 140 298 134
8627 141 447 276
8627 142 559 352
8627 143 370 706
8627 148 254 45
8628 139 392 589
8628 140 298 132
8628 141 445 274
8628 142 558 351
8628 143 369 704
8628 148 255 45
8629 139 392 591
8629 140 298 130
8629 141 444 273
8629 142 557 351
8629 143 368 701
8629 148 255 46
8630 139 392 593
8630 140 298 128
8630 141 443 272
8630 142 556 350
8630 143 368 699
8630 148 256 46
8631 139 392 595
8631 140 298 126
8631 141 442 271
8631 142 555 350
8631 143 367 697
8631 148 256 46
8632 139 392 597
8632 140 298 124
8632 141 440 269
8632 142 553 348
8632 143 366 695
8632 148 257 46
8633 139 392 598
8633 140 298 122
8633 141 439 268
8633 142 551 346
8633 143 366 693
8633 148 257 46
8634 139 392 599
8634 140 298 120
8634 141 438 267
8634 142 550 345
8634 143 365 691
8634 148 258 46
8635 139 392 601
8635 140 297 117
8635 141 436 265
8635 142 548 343
8635 143 364 688
8635 148 259 47
8636 139 392 602
8636 140 297 115
8636 141 435 264
8636 142 546 341
8636 143 364 686
8636 148 259 47
8637 139 393 603
8637 140 297 113
8637 141 434 263
8637 142 545 340
8637 143 363 684
8637 148 259 48
8638 139 393 605
8638 140 297 111
8638 141 432 261
8638 142 543 338
8638 143 362 682
8638 148 259 48
8639 139 393 606
8639 140 297 108
8639 141 431 260
8639 142 541 336
8639 143 362 680
8639 148 260 49
8640 139 393 607
8640 140 297 106
8640 141 430 259
8640 142 540 335
8640 143 361 677
8640 148 260 49
8641 139 393 609
8641 140 297 104
8641 141 429 258
8641 142 538 333
8641 143 360 675
8641 148 260 50
8642 139 394 610
8642 140 297 102
8642 141 427 256
8642 142 536 331
8642 143 360 673
8642 148 261 51
8643 139 394 612
8643 140 297 100
8643 141 426 255
8643 142 535 330
8643 143 359 671
8643 148 261 51
8644 139 394 613
8644 140 297 97
8644 141 425 254
8644 142 533 328
8644 143 358 669
8644 148 261 52
8645 139 394 614
8645 140 297 95
8645 141 423 252
8645 142 531 326
8645 143 358 667
8645 148 262 52
8646 139 394 616
8646 140 297 93
8646 141 422 251
8646 142 530 325
8646 143 357 664
8646 148 262 53
8647 139 395 617
8647 140 297 91
8647 141 421 250
8647 142 528 323
8647 143 357 662
8647 148 262 53
8648 139 395 618
8648 140 296 88
8648 141 420 249
8648 142 526 321
8648 143 357 660
8648 144 384 713
8648 148 263 54
8649 139 395 620
8649 140 296 86
8649 141 419 248
8649 142 525 320
8649 143 357 657
8649 144 383 711
8649 148 263 55
8650 139 395 621
8650 140 296 84
8650 141 418 248
8650 142 523 318
8650 143 357 655
8650 144 383 709
8650 148 263 55
8651 139 396 623
8651 140 296 82
8651 141 417 248
8651 142 521 316
8651 143 356 653
8651 144 383 707
8651 148 264 56
8652 139 395 624
8652 140 296 80
8652 141 416 248
8652 142 520 315
8652 143 356 651
8652 144 382 705
8652 148 264 56
8653 139 395 625
8653 140 296 77
8653 141 415 248
8653 142 518 313
8653 143 356 648
8653 144 382 703
8653 148 264 57
8654 139 395 627
8654 140 296 75
8654 141 414 248
8654 142 516 311
8654 143 356 646
8654 144 382 701
8654 148 265 58
8655 139 395 628
8655 140 296 73
8655 141 413 248
8655 142 515 310
8655 143 356 644
8655 144 381 699
8655 148 265 58
8656 139 395 630
8656 140 296 71
8656 141 412 247
8656 142 513 308
8656 143 356 641
8656 144 381 697
8656 148 265 59
8657 139 395 631
8657 140 296 68
8657 141 411 247
8657 142 512 307
8657 143 355 639
8657 144 381 695
8657 145 477 715
8657 148 265 59
8658 139 395 633
8658 140 296 66
8658 141 410 247
8658 142 510 305
8658 143 355 637
8658 144 380 694
8658 145 476 712
8658 148 266 60
8659 139 395 634
8659 140 296 64
8659 141 409 247
8659 142 508 303
8659 143 355 635
8659 144 380 692
8659 145 476 709
8659 148 266 60
8660 139 395 636
8660 140 296 62
8660 141 409 247
8660 142 507 301
8660 143 355 632
8660 144 380 690
8660 145 476 706
8660 146 444 714
8660 148 266 61
8661 139 395 637
8661 140 296 60
8661 141 408 247
8661 142 505 300
8661 143 355 630
8661 144 379 688
8661 145 476 703
8661 146 443 711
8661 147 348 713
8661 148 267 62
8662 139 395 639
8662 140 295 58
8662 141 407 247
8662 142 504 298
8662 143 355 628
8662 144 379 686
8662 145 475 700
8662 146 443 708
8662 147 347 710
8662 148 267 62
8663 139 395 640
8663 140 294 57
8663 141 406 247
8663 142 502 296
8663 143 354 626
8663 144 379 684
8663 145 475 697
8663 146 443 705
8663 147 347 707
8663 148 267 63
8664 139 395 641
8664 140 293 55
8664 141 405 246
8664 142 500 294
8664 143 354 623
8664 144 379 682
8664 145 475 694
8664 146 443 702
8664 147 346 705
8664 148 268 63
8665 139 395 643
8665 140 292 54
8665 141 404 246
8665 142 499 293
8665 143 354 621
8665 144 378 680
8665 145 475 691
8665 146 443 700
8665 147 346 702
8665 148 268 64
8666 139 395 644
8666 140 291 52
8666 141 403 246
8666 142 497 291
8666 143 354 619
8666 144 378 678
8666 145 474 688
8666 146 442 697
8666 147 346 700
8666 148 268 64
8667 139 395 646
8667 140 290 51
8667 141 402 246
8667 142 496 289
8667 143 354 616
8667 144 378 676
8667 145 474 685
8667 146 442 694
8667 147 345 697
8667 148 269 65
8668 139 395 647
8668 140 289 49
8668 141 401 246
8668 142 494 287
8668 143 354 614
8668 144 377 675
8668 145 474 682
8668 146 442 691
8668 147 345 695
8668 148 269 66
8669 139 395 649
8669 140 288 48
8669 141 400 246
8669 142 492 286
8669 143 353 612
8669 144 377 673
8669 145 474 679
8669 146 442 689
8669 147 344 692
8669 148 269 66
8670 139 395 650
8670 140 287 46
8670 141 399 246
8670 142 491 284
8670 143 353 610
8670 144 377 671
8670 145 473 676
8670 146 442 686
8670 147 344 689
8670 148 270 67
8671 139 395 652
8671 140 287 45
8671 141 399 246
8671 142 489 282
8671 143 353 607
8671 144 376 669
8671 145 473 674
8671 146 442 683
8671 147 344 687
8671 148 270 67
8672 139 395 653
8672 140 286 43
8672 141 398 245
8672 142 488 280
8672 143 353 605
8672 144 376 667
8672 145 473 671
8672 146 441 680
8672 147 343 684
8672 148 270 68
8673 139 395 655
8673 140 285 42
8673 141 398 244
8673 142 486 279
8673 143 353 603
8673 144 376 665
8673 145 473 668
8673 146 441 677
8673 147 343 682
8673 148 271 69
8674 139 395 657
8674 140 284 40
8674 141 398 243
8674 142 484 277
8674 143 353 601
8674 144 375 663
8674 145 472 665
8674 146 441 675
8674 147 343 679
8674 148 271 69
8675 139 395 659
8675 140 283 39
8675 141 397 242
8675 142 483 275
8675 143 353 598
8675 144 375 661
8675 145 472 662
8675 146 441 672
8675 147 342 677
8675 148 272 69
8676 139 396 661
8676 140 282 37
8676 141 397 241
8676 142 481 273
8676 143 354 596
8676 144 375 659
8676 145 472 659
8676 146 441 669
8676 147 342 674
8676 148 272 69
8677 139 396 663
8677 140 281 36
8677 141 397 240
8677 142 480 272
8677 143 354 594
8677 144 375 658
8677 145 472 656
8677 146 440 666
8677 147 341 671
8677 148 273 69
8678 139 396 665
8678 140 280 34
8678 141 396 239
8678 142 478 270
8678 143 355 592
8678 144 375 655
8678 145 471 653
8678 146 440 664
8678 147 341 669
8678 148 273 69
8679 139 397 667
8679 140 279 33
8679 141 396 239
8679 142 476 268
8679 143 355 590
8679 144 375 653
8679 145 471 650
8679 146 440 661
8679 147 341 666
8679 148 274 69
8680 139 397 669
8680 140 279 32
8680 141 396 238
8680 142 475 266
8680 143 356 587
8680 144 375 651
8680 145 471 647
8680 146 440 658
8680 147 340 664
8680 148 275 69
8681 139 397 671
8681 140 277 30
8681 141 395 237
8681 142 473 265
8681 143 356 585
8681 144 375 649
8681 145 471 644
8681 146 440 655
8681 147 340 661
8681 148 275 69
8682 139 398 673
8682 140 275 29
8682 141 395 236
8682 142 472 263
8682 143 357 583
8682 144 375 646
8682 145 470 641
8682 146 440 653
8682 147 340 659
8682 148 276 69
8683 139 398 675
8683 140 273 28
8683 141 395 235
8683 142 470 261
8683 143 358 581
8683 144 375 644
8683 145 470 638
8683 146 439 649
8683 147 339 656
8683 148 276 70
8684 139 398 677
8684 140 272 27
8684 141 395 234
8684 142 469 260
8684 143 358 579
8684 144 375 642
8684 145 470 635
8684 146 439 646
8684 147 339 654
8684 148 277 70
8685 139 399 679
8685 140 270 26
8685 141 394 233
8685 142 468 257
8685 143 359 576
8685 144 375 640
8685 145 470 633
8685 146 439 643
8685 147 339 652
8685 148 278 70
8686 139 399 681
8686 140 268 25
8686 141 394 232
8686 142 468 255
8686 143 359 574
8686 144 375 637
8686 145 470 630
8686 146 439 640
8686 147 339 650
8686 148 278 70
8687 139 400 683
8687 140 266 23
8687 141 394 232
8687 142 468 253
8687 143 360 572
8687 144 375 635
8687 145 470 627
8687 146 438 637
8687 147 338 648
8687 148 279 70
8688 139 400 685
8688 140 265 22
8688 141 393 231
8688 142 467 250
8688 143 360 570
8688 144 375 633
8688 145 470 624
8688 146 438 634
8688 147 338 646
8688 148 279 70
8689 139 400 687
8689 140 263 21
8689 141 393 230
8689 142 467 248
8689 143 361 568
8689 144 375 631
8689 145 470 621
8689 146 438 631
8689 147 338 644
8689 148 280 70
8690 139 401 689
8690 140 261 20
8690 141 393 229
8690 142 467 246
8690 143 361 565
8690 144 375 628
8690 145 470 618
8690 146 438 628
8690 147 338 642
8690 148 280 70
8691 139 401 691
8691 140 259 19
8691 141 392 228
8691 142 466 243
8691 143 362 563
8691 144 375 626
8691 145 470 615
8691 146 437 625
8691 147 338 640
8691 148 281 70
8692 139 401 693
8692 140 258 18
8692 141 392 227
8692 142 466 241
8692 143 363 561
8692 144 376 624
8692 145 470 612
8692 146 437 622
8692 147 337 638
8692 148 282 70
8693 139 402 695
8693 140 256 17
8693 141 392 226
8693 142 466 239
8693 143 363 559
8693 144 376 622
8693 145 470 610
8693 146 437 619
8693 147 337 636
8693 148 282 71
8694 139 402 697
8694 140 254 15
8694 141 392 226
8694 142 465 236
8694 143 364 557
8694 144 376 619
8694 145 470 607
8694 146 437 616
8694 147 337 634
8694 148 283 71
8695 139 402 699
8695 140 252 14
8695 141 392 224
8695 142 465 234
8695 143 364 554
8695 144 376 617
8695 145 470 604
8695 146 437 613
8695 147 337 632
8695 148 283 71
8696 139 403 701
8696 140 251 13
8696 141 392 222
8696 142 465 232
8696 143 365 552
8696 144 376 615
8696 145 470 601
8696 146 436 610
8696 147 337 630
8696 148 284 71
8697 139 403 703
8697 140 249 12
8697 141 392 220
8697 142 465 230
8697 143 365 550
8697 144 376 613
8697 145 470 598
8697 146 436 607
8697 147 336 628
8697 148 285 71
8698 139 403 705
8698 140 247 11
8698 141 392 219
8698 142 464 227
8698 143 366 548
8698 144 376 610
8698 145 470 595
8698 146 436 604
8698 147 336 626
8698 148 285 71
8699 139 404 707
8699 140 245 10
8699 141 393 217
8699 142 464 225
8699 143 367 546
8699 144 376 608
8699 145 470 592
8699 146 436 601
8699 147 336 624
8699 148 286 71
8700 139 404 709
8700 140 244 9
8700 141 393 215
8700 142 464 223
8700 143 367 544
8700 144 376 606
8700 145 470 589
8700 146 435 598
8700 147 336 622
8700 148 286 71
8701 139 405 712
8701 140 243 8
8701 141 393 213
8701 142 463 220
8701 143 367 542
8701 144 376 604
8701 145 470 587
8701 146 435 595
8701 147 335 620
8701 148 287 71
8702 140 242 8
8702 141 393 212
8702 142 463 218
8702 143 367 540
8702 144 376 601
8702 145 470 584
8702 146 435 592
8702 147 335 618
8702 148 288 72
8703 140 241 8
8703 141 393 210
8703 142 463 216
8703 143 367 539
8703 144 376 599
8703 145 470 581
8703 146 435 589
8703 147 335 616
8703 148 288 71
8704 140 240 8
8704 141 394 208
8704 142 462 213
8704 143 367 537
8704 144 376 597
8704 145 471 578
8704 146 434 586
8704 147 335 614
8704 148 288 71
8705 140 239 8
8705 141 394 206
8705 142 462 211
8705 143 367 535
8705 144 376 595
8705 145 471 575
8705 146 434 583
8705 147 335 612
8705 148 288 71
8706 140 238 7
8706 141 394 205
8706 142 462 209
8706 143 368 534
8706 144 377 593
8706 145 471 572
8706 146 434 580
8706 147 334 610
8706 148 288 71
8707 140 237 7
8707 141 394 203
8707 142 461 206
8707 143 368 532
8707 144 377 591
8707 145 471 569
8707 146 434 577
8707 147 334 608
8707 148 288 71
8708 140 236 7
8708 141 395 201
8708 142 461 204
8708 143 368 530
8708 144 377 589
8708 145 471 567
8708 146 434 574
8708 147 334 606
8708 148 288 71
8709 140 235 7
8709 141 395 199
8709 142 461 202
8709 143 368 529
8709 144 377 587
8709 145 471 564
8709 146 433 571
8709 147 334 604
8709 148 288 71
8710 140 235 7
8710 141 395 198
8710 142 461 200
8710 143 368 527
8710 144 377 585
8710 145 471 561
8710 146 433 568
8710 147 334 602
8710 148 288 71
8711 140 234 7
8711 141 395 196
8711 142 460 198
8711 143 368 525
8711 144 377 583
8711 145 471 558
8711 146 433 565
8711 147 334 599
8711 148 288 71
8712 140 233 6
8712 141 395 194
8712 142 460 196
8712 143 369 524
8712 144 378 582
8712 145 471 555
8712 146 433 562
8712 147 334 597
8712 148 288 71
8713 140 232 6
8713 141 396 192
8713 142 460 194
8713 143 369 522
8713 144 378 580
8713 145 471 552
8713 146 432 559
8713 147 334 595
8713 148 288 71
8714 140 231 6
8714 141 396 191
8714 142 460 192
8714 143 369 520
8714 144 378 578
8714 145 471 549
8714 146 432 556
8714 147 334 593
8714 148 288 71
8715 140 230 6
8715 141 396 189
8715 142 460 190
8715 143 369 519
8715 144 378 576
8715 145 471 546
8715 146 432 553
8715 147 334 591
8715 148 288 71
8716 140 229 6
8716 141 396 187
8716 142 460 188
8716 143 369 517
8716 144 378 574
8716 145 471 544
8716 146 432 550
8716 147 334 588
8716 148 288 71
8717 140 228 5
8717 141 397 186
8717 142 460 186
8717 143 369 515
8717 144 378 572
8717 145 471 541
8717 146 432 547
8717 147 334 586
8717 148 288 71
8718 140 227 5
8718 141 397 183
8718 142 460 184
8718 143 370 514
8718 144 379 571
8718 145 471 538
8718 146 431 544
8718 147 335 584
8718 148 288 71
8719 140 227 5
8719 141 397 181
8719 142 460 182
8719 143 370 512
8719 144 379 569
8719 145 471 535
8719 146 431 541
8719 147 335 582
8719 148 288 70
8720 140 226 5
8720 141 397 179
8720 142 460 180
8720 143 370 510
8720 144 379 567
8720 145 471 532
8720 146 431 538
8720 147 335 580
8720 148 288 70
8721 140 225 5
8721 141 397 177
8721 142 460 178
8721 143 370 508
8721 144 379 565
8721 145 471 529
8721 146 431 535
8721 147 335 577
8721 148 288 70
8722 140 224 5
8722 141 397 175
8722 142 460 176
8722 143 370 507
8722 144 379 563
8722 145 471 526
8722 146 431 532
8722 147 335 575
8722 148 288 70
8723 140 223 4
8723 141 397 173
8723 142 460 174
8723 143 370 505
8723 144 379 561
8723 145 472 524
8723 146 431 529
8723 147 335 573
8723 148 288 70
8724 140 222 4
8724 141 397 171
8724 142 460 172
8724 143 370 503
8724 144 380 560
8724 145 471 521
8724 146 430 526
8724 147 335 571
8724 148 288 70
8725 140 221 4
8725 141 398 169
8725 142 460 170
8725 143 371 501
8725 144 380 558
8725 145 471 518
8725 146 430 523
8725 147 336 569
8725 148 288 70
8726 140 220 4
8726 141 398 167
8726 142 460 168
8726 143 371 500
8726 144 380 556
8726 145 471 515
8726 146 430 520
8726 147 336 566
8726 148 288 70
8727 140 219 4
8727 141 398 164
8727 142 460 166
8727 143 371 498
8727 144 380 554
8727 145 471 512
8727 146 430 517
8727 147 336 564
8727 148 288 70
8728 140 219 4
8728 141 398 162
8728 142 460 165
8728 143 371 496
8728 144 380 552
8728 145 471 509
8728 146 430 514
8728 147 336 562
8728 148 288 70
8729 141 398 160
8729 142 460 162
8729 143 371 494
8729 144 380 550
8729 145 470 506
8729 146 430 511
8729 147 336 560
8729 148 288 70
8730 141 398 158
8730 142 460 160
8730 143 371 493
8730 144 381 549
8730 145 470 503
8730 146 430 508
8730 147 336 558
8730 148 289 70
8731 141 398 156
8731 142 460 158
8731 143 372 491
8731 144 381 547
8731 145 470 500
8731 146 429 505
8731 147 336 555
8731 148 289 70
8732 141 399 154
8732 142 460 155
8732 143 372 489
8732 144 381 545
8732 145 470 498
8732 146 429 502
8732 147 336 553
8732 148 289 70
8733 141 399 152
8733 142 460 153
8733 143 372 487
8733 144 381 543
8733 145 470 495
8733 146 429 499
8733 147 337 551
8733 148 289 70
8734 141 399 150
8734 142 460 151
8734 143 372 486
8734 144 381 541
8734 145 470 492
8734 146 429 496
8734 147 337 549
8734 148 289 70
8735 141 399 148
8735 142 460 148
8735 143 372 484
8735 144 382 540
8735 145 469 489
8735 146 429 493
8735 147 337 547
8735 148 289 69
8736 141 399 146
8736 142 460 146
8736 143 372 482
8736 144 381 537
8736 145 469 486
8736 146 429 490
8736 147 337 544
8736 148 289 69
8737 141 399 143
8737 142 460 144
8737 143 373 481
8737 144 381 535
8737 145 469 483
8737 146 429 487
8737 147 337 542
8737 148 289 69
8738 141 399 141
8738 142 461 141
8738 143 372 479
8738 144 381 533
8738 145 469 480
8738 146 428 484
8738 147 337 540
8738 148 289 69
8739 141 400 139
8739 142 461 139
8739 143 371 477
8739 144 381 531
8739 145 469 477
8739 146 428 481
8739 147 337 538
8739 148 289 69
8740 141 400 137
8740 142 461 137
8740 143 371 475
8740 144 380 529
8740 145 469 474
8740 146 428 478
8740 147 338 536
8740 148 289 69
8741 141 400 135
8741 142 461 134
8741 143 370 474
8741 144 380 527
8741 145 468 472
8741 146 428 475
8741 147 338 534
8741 148 289 69
8742 141 400 133
8742 142 461 132
8742 143 369 472
8742 144 380 525
8742 145 468 469
8742 146 428 472
8742 147 338 532
8742 148 289 69
8743 141 400 131
8743 142 461 130
8743 143 369 470
8743 144 380 523
8743 145 468 466
8743 146 428 469
8743 147 338 530
8743 148 289 69
8744 141 400 129
8744 142 461 127
8744 143 368 469
8744 144 380 521
8744 145 468 463
8744 146 428 466
8744 147 338 528
8744 148 289 69
8745 141 400 127
8745 142 461 125
8745 143 367 467
8745 144 379 519
8745 145 468 460
8745 146 427 463
8745 147 338 526
8745 148 289 69
8746 141 401 125
8746 142 461 123
8746 143 367 465
8746 144 379 516
8746 145 468 457
8746 146 427 460
8746 147 338 524
8746 148 289 69
8747 141 401 122
8747 142 461 120
8747 143 366 464
8747 144 379 514
8747 145 467 454
8747 146 427 457
8747 147 339 522
8747 148 289 69
8748 141 401 120
8748 142 462 118
8748 143 365 462
8748 144 379 512
8748 145 467 451
8748 146 427 454
8748 147 339 520
8748 148 289 69
8749 141 402 118
8749 142 462 116
8749 143 365 460
8749 144 378 510
8749 145 467 448
8749 146 427 451
8749 147 339 518
8749 148 289 69
8750 141 402 116
8750 142 462 113
8750 143 364 458
8750 144 378 508
8750 145 467 446
8750 146 427 448
8750 147 339 516
8750 148 289 69
8751 141 402 114
8751 142 462 111
8751 143 363 457
8751 144 378 506
8751 145 467 443
8751 146 427 445
8751 147 339 514
8751 148 289 68
8752 141 403 111
8752 142 462 109
8752 143 363 455
8752 144 378 504
8752 145 467 440
8752 146 426 442
8752 147 339 512
8752 148 289 68
8753 141 403 109
8753 142 462 106
8753 143 362 453
8753 144 378 502
8753 145 466 437
8753 146 426 439
8753 147 340 510
8753 148 289 68
8754 141 403 107
8754 142 462 104
8754 143 361 452
8754 144 377 500
8754 145 466 434
8754 146 426 436
8754 147 340 508
8754 148 289 68
8755 141 404 105
8755 142 462 102
8755 143 361 450
8755 144 377 498
8755 145 466 431
8755 146 426 433
8755 147 340 506
8755 148 289 68
8756 141 404 103
8756 142 462 99
8756 143 360 448
8756 144 377 496
8756 145 466 428
8756 146 426 430
8756 147 340 504
8756 148 289 68
8757 141 404 101
8757 142 462 97
8757 143 359 447
8757 144 377 493
8757 145 466 425
8757 146 426 427
8757 147 340 502
8757 148 290 68
8758 141 405 98
8758 142 463 95
8758 143 359 445
8758 144 376 491
8758 145 466 423
8758 146 426 425
8758 147 340 500
8758 148 290 68
8759 141 405 96
8759 142 462 93
8759 143 358 443
8759 144 376 489
8759 145 465 420
8759 146 425 422
8759 147 340 498
8759 148 290 68
8760 141 405 94
8760 142 462 91
8760 143 358 442
8760 144 376 487
8760 145 465 417
8760 146 425 419
8760 147 341 496
8760 148 290 68
8761 141 406 92
8761 142 462 89
8761 143 357 440
8761 144 376 485
8761 145 465 414
8761 146 425 416
8761 147 341 494
8761 148 290 68
8762 141 406 90
8762 142 462 87
8762 143 357 438
8762 144 376 483
8762 145 465 411
8762 146 425 414
8762 147 341 492
8762 148 290 68
8763 141 406 88
8763 142 462 85
8763 143 357 437
8763 144 375 481
8763 145 465 408
8763 146 424 411
8763 147 341 490
8763 148 290 68
8764 141 407 85
8764 142 462 83
8764 143 356 435
8764 144 375 479
8764 145 464 405
8764 146 424 408
8764 147 341 488
8764 148 290 68
8765 141 407 83
8765 142 462 81
8765 143 356 434
8765 144 375 477
8765 145 464 402
8765 146 424 405
8765 147 341 486
8765 148 290 68
8766 141 407 81
8766 142 462 79
8766 143 356 432
8766 144 375 475
8766 145 464 399
8766 146 424 403
8766 147 342 484
8766 148 290 68
8767 141 408 79
8767 142 461 77
8767 143 355 430
8767 144 375 473
8767 145 464 397
8767 146 424 400
8767 147 342 482
8767 148 290 67
8768 141 408 77
8768 142 461 75
8768 143 355 429
8768 144 374 471
8768 145 464 394
8768 146 423 397
8768 147 342 480
8768 148 290 67
8769 141 408 75
8769 142 461 73
8769 143 355 427
8769 144 374 469
8769 145 464 391
8769 146 423 394
8769 147 342 478
8769 148 290 67
8770 141 409 72
8770 142 461 71
8770 143 355 426
8770 144 374 467
8770 145 463 388
8770 146 423 392
8770 147 342 476
8770 148 290 67
8771 141 409 70
8771 142 461 69
8771 143 354 424
8771 144 374 465
8771 145 463 385
8771 146 423 389
8771 147 342 474
8771 148 290 67
8772 141 409 68
8772 142 461 68
8772 143 354 423
8772 144 374 463
8772 145 463 382
8772 146 423 386
8772 147 343 473
8772 148 290 67
8773 141 410 66
8773 142 461 66
8773 143 354 421
8773 144 374 461
8773 145 463 379
8773 146 422 384
8773 147 342 471
8773 148 290 67
8774 141 410 64
8774 142 461 64
8774 143 353 419
8774 144 374 459
8774 145 463 376
8774 146 422 381
8774 147 342 469
8774 148 290 67
8775 141 411 62
8775 142 460 62
8775 143 353 418
8775 144 373 457
8775 145 463 373
8775 146 422 378
8775 147 342 467
8775 148 290 67
8776 141 411 59
8776 142 460 60
8776 143 353 416
8776 144 373 455
8776 145 462 371
8776 146 422 375
8776 147 342 465
8776 148 290 67
8777 141 411 57
8777 142 460 58
8777 143 353 415
8777 144 373 453
8777 145 462 368
8777 146 421 373
8777 147 342 463
8777 148 290 67
8778 141 411 55
8778 142 460 56
8778 143 352 413
8778 144 373 451
8778 145 462 365
8778 146 421 370
8778 147 342 461
8778 148 290 67
8779 141 412 53
8779 142 460 54
8779 143 352 411
8779 144 373 450
8779 145 462 362
8779 146 421 367
8779 147 342 460
8779 148 290 67
8780 141 412 51
8780 142 460 52
8780 143 352 410
8780 144 373 448
8780 145 462 359
8780 146 421 364
8780 147 342 458
8780 148 290 67
8781 141 412 49
8781 142 460 50
8781 143 351 408
8781 144 373 446
8781 145 462 356
8781 146 421 362
8781 147 342 456
8781 148 290 67
8782 141 412 47
8782 142 460 48
8782 143 351 407
8782 144 372 444
8782 145 461 353
8782 146 420 359
8782 147 342 454
8782 148 290 67
8783 141 413 45
8783 142 459 46
8783 143 351 405
8783 144 372 442
8783 145 461 350
8783 146 420 356
8783 147 342 452
8783 148 290 66
8784 141 413 42
8784 142 459 44
8784 143 351 404
8784 144 372 440
8784 145 461 347
8784 146 420 354
8784 147 342 450
8784 148 290 66
8785 141 413 40
8785 142 459 42
8785 143 351 402
8785 144 372 438
8785 145 461 345
8785 146 420 351
8785 147 342 448
8785 148 291 66
8786 141 413 38
8786 142 459 41
8786 143 351 400
8786 144 372 436
8786 145 461 342
8786 146 420 348
8786 147 342 447
8786 148 291 66
8787 141 414 36
8787 142 459 39
8787 143 351 398
8787 144 372 434
8787 145 461 339
8787 146 419 345
8787 147 342 445
8787 148 291 66
8788 141 414 34
8788 142 459 37
8788 143 351 397
8788 144 372 432
8788 145 460 336
8788 146 419 343
8788 147 342 443
8788 148 291 66
8789 141 414 32
8789 142 459 35
8789 143 351 395
8789 144 371 430
8789 145 460 333
8789 146 419 340
8789 147 342 441
8789 148 291 66
8790 141 415 30
8790 142 459 33
8790 143 351 393
8790 144 371 428
8790 145 460 330
8790 146 419 337
8790 147 342 439
8790 148 291 66
8791 141 415 28
8791 142 458 31
8791 143 351 392
8791 144 371 427
8791 145 460 327
8791 146 419 334
8791 147 342 437
8791 148 291 66
8792 141 415 26
8792 142 458 29
8792 143 351 390
8792 144 371 425
8792 145 460 324
8792 146 418 332
8792 147 342 435
8792 148 291 66
8793 141 415 23
8793 142 458 27
8793 143 351 388
8793 144 371 423
8793 145 460 322
8793 146 418 329
8793 147 342 434
8793 148 291 66
8794 141 416 21
8794 142 458 25
8794 143 351 386
8794 144 371 421
8794 145 459 319
8794 146 418 326
8794 147 342 432
8794 148 291 66
8795 141 416 19
8795 142 458 23
8795 143 351 385
8795 144 371 419
8795 145 459 316
8795 146 418 323
8795 147 342 430
8795 148 291 66
8796 141 416 17
8796 142 458 21
8796 143 351 383
8796 144 370 417
8796 145 459 313
8796 146 417 321
8796 147 342 428
8796 148 291 66
8797 141 416 15
8797 142 458 19
8797 143 351 381
8797 144 370 415
8797 145 459 311
8797 146 417 318
8797 147 342 426
8797 148 291 66
8798 141 417 13
8798 142 458 17
8798 143 351 380
8798 144 370 413
8798 145 459 308
8798 146 417 315
8798 147 342 424
8798 148 291 66
8799 141 417 11
8799 142 458 16
8799 143 351 378
8799 144 370 411
8799 145 459 305
8799 146 417 313
8799 147 342 422
8799 148 291 66
8800 141 417 9
8800 143 351 376
8800 144 370 409
8800 145 458 303
8800 146 417 310
8800 147 342 421
8800 148 291 65
8801 141 418 7
8801 143 351 374
8801 144 370 407
8801 145 458 300
8801 146 416 307
8801 147 342 419
8801 148 291 65
8802 143 351 373
8802 144 370 406
8802 145 458 297
8802 146 416 304
8802 147 342 417
8802 148 291 65
8803 143 351 371
8803 144 369 404
8803 145 458 295
8803 146 416 302
8803 147 342 415
8803 148 291 65
8804 143 351 369
8804 144 369 402
8804 145 458 292
8804 146 416 299
8804 147 342 413
8804 148 291 65
8805 143 351 368
8805 144 369 400
8805 145 458 289
8805 146 416 296
8805 147 342 411
8805 148 291 65
8806 143 351 366
8806 144 369 398
8806 145 458 287
8806 146 415 293
8806 147 342 410
8806 148 291 65
8807 143 351 364
8807 144 369 396
8807 145 457 284
8807 146 415 291
8807 147 341 408
8807 148 291 65
8808 143 351 363
8808 144 369 394
8808 145 457 281
8808 146 415 288
8808 147 341 406
8808 148 291 65
8809 143 350 361
8809 144 369 392
8809 145 457 279
8809 146 415 285
8809 147 341 404
8809 148 291 65
8810 143 350 359
8810 144 369 390
8810 145 457 276
8810 146 415 283
8810 147 341 402
8810 148 291 65
8811 143 350 358
8811 144 369 388
8811 145 457 273
8811 146 414 280
8811 147 340 400
8811 148 291 65
8812 143 350 356
8812 144 369 386
8812 145 457 271
8812 146 414 277
8812 147 340 398
8812 148 292 65
8813 143 350 354
8813 144 369 384
8813 145 456 268
8813 146 414 275
8813 147 340 396
8813 148 292 65
8814 143 350 353
8814 144 369 382
8814 145 456 265
8814 146 414 272
8814 147 340 394
8814 148 292 65
8815 143 350 351
8815 144 369 380
8815 145 456 263
8815 146 414 269
8815 147 339 392
8815 148 292 65
8816 143 350 350
8816 144 368 379
8816 145 456 260
8816 146 414 267
8816 147 339 390
8816 148 292 64
8817 143 349 348
8817 144 368 377
8817 145 456 257
8817 146 414 264
8817 147 339 388
8817 148 292 64
8818 143 349 346
8818 144 368 375
8818 145 456 255
8818 146 414 262
8818 147 339 386
8818 148 292 64
8819 143 349 345
8819 144 368 373
8819 145 456 252
8819 146 414 259
8819 147 339 384
8819 148 292 64
8820 143 349 343
8820 144 368 371
8820 145 455 249
8820 146 414 256
8820 147 338 382
8820 148 292 64
8821 143 349 341
8821 144 368 369
8821 145 455 247
8821 146 414 254
8821 147 338 380
8821 148 292 64
8822 143 349 340
8822 144 368 367
8822 145 455 244
8822 146 414 251
8822 147 338 378
8822 148 292 64
8823 143 349 338
8823 144 368 365
8823 145 455 241
8823 146 414 248
8823 147 338 376
8823 148 292 64
8824 143 349 337
8824 144 368 363
8824 145 455 238
8824 146 413 246
8824 147 337 374
8824 148 292 64
8825 143 348 335
8825 144 368 361
8825 145 455 236
8825 146 413 243
8825 147 337 372
8825 148 292 64
8826 143 348 333
8826 144 368 359
8826 145 454 233
8826 146 413 241
8826 147 337 371
8826 148 292 64
8827 143 348 332
8827 144 368 357
8827 145 454 230
8827 146 413 238
8827 147 337 369
8827 148 292 64
8828 143 348 330
8828 144 368 355
8828 145 454 228
8828 146 413 235
8828 147 336 367
8828 148 292 64
8829 143 348 328
8829 144 367 354
8829 145 454 225
8829 146 413 233
8829 147 336 365
8829 148 292 64
8830 143 348 327
8830 144 367 352
8830 145 454 222
8830 146 413 230
8830 147 336 363
8830 148 292 64
8831 143 348 325
8831 144 367 350
8831 145 454 220
8831 146 413 227
8831 147 336 361
8831 148 292 64
8832 143 348 324
8832 144 367 348
8832 145 454 217
8832 146 413 225
8832 147 336 359
8832 148 292 63
8833 143 347 322
8833 144 367 346
8833 145 453 214
8833 146 413 222
8833 147 335 357
8833 148 292 63
8834 143 347 320
8834 144 367 344
8834 145 453 212
8834 146 413 220
8834 147 335 355
8834 148 292 63
8835 143 347 319
8835 144 367 342
8835 145 453 209
8835 146 413 217
8835 147 335 353
8835 148 292 63
8836 143 347 317
8836 144 367 340
8836 145 453 206
8836 146 413 214
8836 147 335 351
8836 148 292 63
8837 143 347 315
8837 144 367 338
8837 145 453 204
8837 146 412 212
8837 147 334 349
8837 148 292 63
8838 143 347 314
8838 144 367 336
8838 145 453 201
8838 146 412 209
8838 147 334 347
8838 148 292 63
8839 143 347 312
8839 144 367 334
8839 145 452 198
8839 146 412 206
8839 147 334 345
8839 148 292 63
8840 143 347 311
8840 144 367 332
8840 145 452 196
8840 146 412 204
8840 147 334 343
8840 148 293 63
8841 143 346 309
8841 144 367 330
8841 145 452 193
8841 146 412 201
8841 147 333 341
8841 148 293 63
8842 143 346 307
8842 144 367 329
8842 145 452 190
8842 146 412 199
8842 147 333 339
8842 148 293 63
8843 143 345 305
8843 144 366 327
8843 145 452 188
8843 146 412 196
8843 147 333 337
8843 148 293 63
8844 143 345 304
8844 144 366 325
8844 145 452 185
8844 146 412 193
8844 147 333 335
8844 148 293 63
8845 143 345 302
8845 144 366 323
8845 145 452 182
8845 146 412 191
8845 147 333 334
8845 148 293 63
8846 143 344 300
8846 144 365 321
8846 145 451 180
8846 146 412 188
8846 147 332 332
8846 148 293 63
8847 143 344 298
8847 144 365 319
8847 145 451 177
8847 146 412 185
8847 147 332 330
8847 148 293 63
8848 143 344 297
8848 144 365 317
8848 145 451 174
8848 146 412 183
8848 147 332 328
8848 148 293 62
8849 143 343 295
8849 144 364 315
8849 145 451 172
8849 146 412 180
8849 147 331 327
8849 148 293 62
8850 143 343 293
8850 144 364 313
8850 145 451 169
8850 146 412 178
8850 147 331 325
8850 148 293 62
8851 143 343 292
8851 144 364 311
8851 145 451 166
8851 146 411 175
8851 147 331 323
8851 148 293 62
8852 143 342 290
8852 144 364 309
8852 145 451 164
8852 146 411 172
8852 147 331 321
8852 148 293 62
8853 143 342 288
8853 144 363 307
8853 145 450 161
8853 146 411 170
8853 147 330 320
8853 148 293 62
8854 143 341 286
8854 144 363 305
8854 145 450 158
8854 146 411 167
8854 147 330 318
8854 148 293 62
8855 143 341 285
8855 144 363 303
8855 145 450 156
8855 146 410 164
8855 147 330 316
8855 148 293 62
8856 143 341 283
8856 144 362 301
8856 145 450 153
8856 146 410 162
8856 147 330 314
8856 148 293 62
8857 143 340 281
8857 144 362 299
8857 145 450 151
8857 146 410 159
8857 147 329 313
8857 148 293 62
8858 143 340 279
8858 144 362 297
8858 145 450 148
8858 146 410 156
8858 147 329 311
8858 148 293 62
8859 143 340 278
8859 144 361 295
8859 145 450 145
8859 146 410 154
8859 147 329 309
8859 148 293 62
8860 143 339 276
8860 144 361 293
8860 145 450 143
8860 146 409 151
8860 147 329 307
8860 148 293 62
8861 143 339 274
8861 144 361 291
8861 145 450 140
8861 146 409 148
8861 147 328 306
8861 148 293 62
8862 143 339 273
8862 144 361 289
8862 145 450 138
8862 146 409 146
8862 147 328 304
8862 148 293 62
8863 143 338 271
8863 144 360 287
8863 145 450 135
8863 146 409 143
8863 147 328 302
8863 148 293 62
8864 143 338 269
8864 144 360 285
8864 145 450 132
8864 146 409 140
8864 147 328 300
8864 148 293 61
8865 143 337 267
8865 144 360 283
8865 145 450 130
8865 146 408 138
8865 147 327 299
8865 148 293 61
8866 143 337 266
8866 144 359 281
8866 145 450 127
8866 146 408 135
8866 147 327 297
8866 148 293 61
8867 143 337 264
8867 144 359 279
8867 145 450 125
8867 146 408 132
8867 147 327 295
8867 148 294 61
8868 143 336 262
8868 144 359 277
8868 145 450 122
8868 146 408 130
8868 147 327 293
8868 148 294 61
8869 143 336 260
8869 144 358 275
8869 145 450 119
8869 146 408 127
8869 147 326 292
8869 148 294 61
8870 143 336 259
8870 144 358 273
8870 145 450 117
8870 146 407 124
8870 147 326 290
8870 148 294 61
8871 143 335 257
8871 144 358 271
8871 145 450 114
8871 146 407 122
8871 147 326 288
8871 148 294 61
8872 143 335 255
8872 144 358 269
8872 145 450 112
8872 146 407 119
8872 147 326 286
8872 148 294 61
8873 143 335 254
8873 144 357 267
8873 145 450 109
8873 146 407 116
8873 147 325 285
8873 148 294 61
8874 143 334 252
8874 144 357 265
8874 145 450 107
8874 146 406 114
8874 147 325 283
8874 148 294 61
8875 143 333 250
8875 144 357 263
8875 145 450 104
8875 146 406 111
8875 147 325 281
8875 148 294 61
8876 143 333 248
8876 144 356 261
8876 145 450 101
8876 146 406 108
8876 147 325 279
8876 148 294 61
8877 143 332 246
8877 144 356 259
8877 145 450 99
8877 146 406 106
8877 147 324 278
8877 148 294 61
8878 143 332 244
8878 144 356 257
8878 145 450 96
8878 146 406 103
8878 147 324 276
8878 148 294 61
8879 143 331 243
8879 144 356 255
8879 145 450 94
8879 146 405 100
8879 147 324 274
8879 148 294 61
8880 143 330 241
8880 144 356 252
8880 145 450 91
8880 146 405 98
8880 147 324 273
8880 148 294 60
8881 143 330 239
8881 144 356 250
8881 145 450 88
8881 146 405 95
8881 147 324 270
8881 148 294 60
8882 143 329 237
8882 144 356 248
8882 145 450 86
8882 146 405 92
8882 147 324 268
8882 148 294 60
8883 143 329 235
8883 144 356 246
8883 145 450 83
8883 146 405 90
8883 147 324 266
8883 148 294 60
8884 143 328 234
8884 144 356 244
8884 145 450 81
8884 146 404 87
8884 147 324 264
8884 148 294 60
8885 143 328 232
8885 144 356 242
8885 145 450 78
8885 146 404 84
8885 147 324 261
8885 148 294 60
8886 143 327 230
8886 144 357 240
8886 145 450 75
8886 146 404 82
8886 147 325 259
8886 148 294 60
8887 143 326 228
8887 144 357 238
8887 145 450 73
8887 146 404 79
8887 147 325 257
8887 148 294 60
8888 143 326 226
8888 144 357 236
8888 145 450 70
8888 146 404 77
8888 147 325 255
8888 148 294 60
8889 143 325 225
8889 144 357 234
8889 145 450 68
8889 146 404 74
8889 147 325 252
8889 148 294 60
8890 143 325 223
8890 144 357 232
8890 145 450 65
8890 146 404 71
8890 147 325 250
8890 148 294 60
8891 143 324 221
8891 144 357 230
8891 145 450 62
8891 146 404 69
8891 147 326 248
8891 148 294 60
8892 143 323 219
8892 144 358 228
8892 145 450 60
8892 146 404 66
8892 147 326 246
8892 148 294 60
8893 143 323 217
8893 144 358 226
8893 145 450 57
8893 146 404 64
8893 147 326 243
8893 148 294 60
8894 143 322 216
8894 144 358 224
8894 145 450 55
8894 146 404 61
8894 147 326 241
8894 148 294 60
8895 143 322 214
8895 144 358 222
8895 145 450 52
8895 146 404 58
8895 147 326 239
8895 148 295 60
8896 143 321 212
8896 144 358 220
8896 145 450 50
8896 146 404 56
8896 147 327 237
8896 148 295 60
8897 143 321 210
8897 144 358 218
8897 145 450 47
8897 146 405 53
8897 147 327 234
8897 148 295 59
8898 143 320 208
8898 144 358 216
8898 145 450 44
8898 146 405 51
8898 147 327 232
8898 148 295 59
8899 143 319 207
8899 144 359 213
8899 145 450 42
8899 146 405 48
8899 147 327 230
8899 148 295 59
8900 143 319 205
8900 144 359 211
8900 145 450 39
8900 146 405 45
8900 147 327 228
8900 148 295 59
8901 143 318 203
8901 144 359 209
8901 145 450 37
8901 146 405 43
8901 147 328 225
8901 148 295 59
8902 143 318 201
8902 144 359 207
8902 145 450 34
8902 146 405 40
8902 147 328 223
8902 148 295 59
8903 143 317 199
8903 144 359 205
8903 145 450 31
8903 146 405 38
8903 147 328 221
8903 148 295 59
8904 143 317 198
8904 144 359 203
8904 145 450 29
8904 146 405 35
8904 147 328 219
8904 148 295 59
8905 143 316 196
8905 144 360 201
8905 145 450 26
8905 146 405 32
8905 147 328 216
8905 148 295 59
8906 143 316 194
8906 144 360 199
8906 145 450 24
8906 146 406 30
8906 147 329 214
8906 148 295 59
8907 143 316 192
8907 144 360 197
8907 145 450 21
8907 146 406 27
8907 147 329 212
8907 148 295 59
8908 143 316 191
8908 144 360 195
8908 145 450 18
8908 146 406 25
8908 147 329 210
8908 148 295 59
8909 143 316 189
8909 144 360 193
8909 145 450 16
8909 146 406 22
8909 147 329 207
8909 148 295 59
8910 143 316 187
8910 144 360 191
8910 145 450 13
8910 146 406 19
8910 147 329 205
8910 148 295 59
8911 143 316 186
8911 144 360 189
8911 145 450 11
8911 146 406 17
8911 147 330 203
8911 148 295 59
8912 143 316 184
8912 144 361 187
8912 145 450 8
8912 146 406 14
8912 147 330 201
8912 148 295 59
8913 143 316 182
8913 144 361 185
8913 145 450 6
8913 146 406 12
8913 147 330 198
8913 148 295 58
8914 143 316 181
8914 144 361 183
8914 146 406 9
8914 147 330 196
8914 148 295 58
8915 143 316 179
8915 144 361 181
8915 146 407 7
8915 147 330 194
8915 148 295 58
8916 143 316 177
8916 144 361 179
8916 147 331 192
8916 148 295 58
8917 143 316 176
8917 144 361 177
8917 147 331 189
8917 148 295 58
8918 143 316 174
8918 144 362 175
8918 147 331 187
8918 148 295 58
8919 143 315 172
8919 144 362 173
8919 147 331 185
8919 148 295 58
8920 143 315 170
8920 144 362 171
8920 147 331 183
8920 148 295 58
8921 143 315 169
8921 144 362 169
8921 147 332 181
8921 148 295 58
8922 143 315 167
8922 144 362 167
8922 147 332 179
8922 148 296 58
8923 143 315 165
8923 144 362 166
8923 147 332 177
8923 148 296 58
8924 143 315 164
8924 144 362 164
8924 147 333 175
8924 148 296 58
8925 143 315 162
8925 144 363 162
8925 147 333 173
8925 148 296 58
8926 143 315 160
8926 144 363 160
8926 147 333 171
8926 148 296 58
8927 143 315 159
8927 144 363 159
8927 147 334 169
8927 148 296 58
8928 143 315 157
8928 144 363 157
8928 147 334 167
8928 148 296 58
8929 143 315 155
8929 144 363 155
8929 147 334 165
8929 148 296 57
8930 143 315 154
8930 144 363 153
8930 147 335 163
8930 148 296 57
8931 143 315 152
8931 144 363 152
8931 147 335 161
8931 148 296 57
8932 143 315 150
8932 144 364 150
8932 147 336 159
8932 148 296 57
8933 143 315 149
8933 144 364 148
8933 147 336 157
8933 148 296 57
8934 143 315 146
8934 144 364 146
8934 147 336 155
8934 148 296 57
8935 143 315 144
8935 144 364 145
8935 147 337 154
8935 148 296 57
8936 143 316 141
8936 144 364 143
8936 147 337 152
8936 148 296 57
8937 143 316 139
8937 144 364 141
8937 147 337 150
8937 148 296 57
8938 143 316 137
8938 144 364 139
8938 147 338 148
8938 148 296 57
8939 143 317 134
8939 144 365 138
8939 147 338 146
8939 148 296 57
8940 143 317 132
8940 144 365 136
8940 147 339 144
8940 148 296 57
8941 143 318 129
8941 144 365 134
8941 147 339 142
8941 148 296 57
8942 143 318 127
8942 144 365 132
8942 147 339 140
8942 148 296 57
8943 143 318 125
8943 144 365 130
8943 147 340 138
8943 148 296 57
8944 143 319 122
8944 144 365 129
8944 147 340 136
8944 148 296 57
8945 143 319 120
8945 144 365 127
8945 147 340 134
8945 148 296 56
8946 143 319 118
8946 144 366 125
8946 147 341 132
8946 148 296 56
8947 143 320 115
8947 144 366 123
8947 147 341 130
8947 148 296 56
8948 143 320 113
8948 144 366 122
8948 147 342 129
8948 148 296 56
8949 143 321 110
8949 144 366 120
8949 147 342 126
8949 148 296 56
8950 143 321 108
8950 144 366 118
8950 147 342 124
8950 148 297 56
8951 143 321 106
8951 144 366 116
8951 147 343 122
8951 148 297 56
8952 143 322 103
8952 144 366 115
8952 147 343 120
8952 148 297 56
8953 143 322 101
8953 144 367 113
8953 147 343 118
8953 148 297 56
8954 143 323 99
8954 144 367 111
8954 147 344 116
8954 148 297 56
8955 143 323 96
8955 144 367 109
8955 147 344 114
8955 148 297 56
8956 143 323 94
8956 144 367 108
8956 147 344 112
8956 148 297 56
8957 143 324 91
8957 144 367 106
8957 147 345 110
8957 148 297 56
8958 143 324 89
8958 144 367 104
8958 147 345 108
8958 148 297 56
8959 143 325 87
8959 144 367 102
8959 147 345 106
8959 148 297 56
8960 143 325 84
8960 144 368 101
8960 147 346 104
8960 148 297 56
8961 143 325 82
8961 144 368 98
8961 147 346 102
8961 148 297 55
8962 143 326 80
8962 144 369 96
8962 147 346 99
8962 148 297 55
8963 143 326 77
8963 144 370 94
8963 147 347 97
8963 148 297 55
8964 143 327 75
8964 144 371 92
8964 147 347 95
8964 148 297 55
8965 143 327 73
8965 144 371 90
8965 147 347 93
8965 148 297 55
8966 143 327 70
8966 144 372 88
8966 147 348 91
8966 148 297 55
8967 143 328 68
8967 144 373 86
8967 147 348 89
8967 148 297 55
8968 143 328 65
8968 144 374 83
8968 147 348 87
8968 148 297 55
8969 143 329 63
8969 144 374 81
8969 147 349 85
8969 148 297 55
8970 143 329 61
8970 144 375 79
8970 147 349 83
8970 148 297 55
8971 143 329 58
8971 144 376 77
8971 147 349 81
8971 148 297 55
8972 143 330 56
8972 144 377 75
8972 147 350 79
8972 148 297 55
8973 143 330 54
8973 144 377 73
8973 147 350 77
8973 148 297 55
8974 143 331 51
8974 144 378 71
8974 147 351 75
8974 148 297 55
8975 143 331 49
8975 144 379 68
8975 147 351 72
8975 148 297 55
8976 143 332 47
8976 144 380 66
8976 147 352 70
8976 148 297 55
8977 143 332 44
8977 144 380 64
8977 147 352 68
8977 148 298 55
8978 143 332 42
8978 144 381 62
8978 147 353 66
8978 148 298 53
8979 143 333 40
8979 144 382 60
8979 147 354 64
8979 148 299 52
8980 143 333 37
8980 144 383 58
8980 147 354 62
8980 148 300 50
8981 143 334 35
8981 144 384 56
8981 147 355 60
8981 148 301 49
8982 143 334 32
8982 144 384 53
8982 147 356 58
8982 148 302 48
8983 143 334 30
8983 144 385 51
8983 147 356 56
8983 148 302 46
8984 143 335 28
8984 144 386 49
8984 147 357 53
8984 148 303 45
8985 143 335 25
8985 144 387 47
8985 147 358 51
8985 148 304 44
8986 143 336 23
8986 144 387 45
8986 147 358 49
8986 148 305 42
8987 143 336 21
8987 144 388 43
8987 147 359 47
8987 148 306 41
8988 143 336 18
8988 144 389 41
8988 147 360 45
8988 148 306 40
8989 143 337 16
8989 144 390 38
8989 147 360 43
8989 148 307 38
8990 143 337 14
8990 144 390 36
8990 147 361 41
8990 148 308 37
8991 143 338 11
8991 144 391 34
8991 147 361 39
8991 148 309 36
8992 143 338 9
8992 144 392 32
8992 147 362 37
8992 148 310 34
8993 143 339 7
8993 144 393 30
8993 147 363 34
8993 148 310 33
8994 144 393 28
8994 147 363 32
8994 148 311 32
8995 144 394 26
8995 147 364 30
8995 148 312 30
8996 144 395 23
8996 147 365 28
8996 148 313 29
8997 144 396 21
8997 147 365 26
8997 148 314 27
8998 144 396 19
8998 147 366 24
8998 148 315 26
8999 144 397 17
8999 147 367 22
8999 148 315 25
9000 144 398 15
9000 147 367 20
9000 148 316 23
9001 144 399 13
9001 147 368 18
9001 148 317 22
9002 144 400 11
9002 147 369 16
9002 148 318 21
9003 148 319 19
9004 148 319 18
9005 148 320 17
9006 148 321 15
9007 148 322 14
9008 148 323 13
9009 148 323 11
9010 148 324 10
9011 148 325 9
9012 148 326 7
9013 148 327 6
9014 148 328 5
