3756 68 355 1
3757 68 354 3
3758 68 353 5
3759 68 353 7
3760 68 352 9
3761 68 351 11
3762 68 351 13
3763 68 350 16
3764 68 349 18
3765 68 349 20
3766 68 348 22
3767 68 348 24
3768 68 347 26
3769 68 346 28
3770 68 346 31
3771 68 345 33
3772 68 344 35
3773 68 344 37
3774 68 343 39
3775 68 342 41
3776 68 342 44
3777 68 341 46
3778 68 341 48
3779 68 340 50
3780 68 339 52
3781 68 339 54
3782 68 338 56
3783 68 337 59
3784 68 337 61
3785 68 336 63
3786 68 335 65
3787 68 335 67
3788 68 334 69
3789 68 334 72
3790 68 333 74
3791 68 333 76
3792 68 332 78
3793 68 332 80
3794 68 331 82
3795 68 331 84
3796 68 331 86
3797 68 330 88
3798 68 330 90
3799 68 329 92
3800 68 329 94
3801 68 329 96
3802 68 328 98
3803 68 328 100
3804 68 327 102
3805 68 327 104
3806 68 327 106
3807 68 326 108
3808 68 326 110
3809 68 325 112
3810 68 325 114
3811 68 324 116
3812 68 324 118
3813 68 324 120
3814 68 323 122
3815 68 323 124
3816 68 322 126
3817 68 322 128
3818 68 322 130
3819 68 321 132
3820 68 321 134
3821 68 320 136
3822 68 320 138
3823 68 320 140
3824 68 319 142
3825 68 319 144
3826 68 318 146
3827 68 318 148
3828 68 318 150
3829 68 318 152
3830 68 318 154
3831 68 318 156
3832 68 318 158
3833 68 318 160
3834 68 318 162
3835 68 318 164
3836 68 318 167
3837 68 318 169
3838 68 318 171
3839 68 318 173
3840 68 318 175
3841 68 318 177
3842 68 318 179
3843 68 318 182
3844 68 318 184
3845 68 318 186
3846 68 318 188
3847 68 318 190
3848 68 318 192
3849 68 318 194
3850 68 318 196
3851 68 318 199
3852 68 318 201
3853 68 318 203
3854 68 318 205
3855 68 318 207
3856 68 318 209
3857 68 318 211
3858 68 318 214
3859 68 318 216
3860 68 318 218
3861 68 318 220
3862 68 318 222
3863 68 318 224
3864 68 318 226
3865 68 318 229
3866 68 318 231
3867 68 318 233
3868 68 318 235
3869 68 319 237
3870 68 319 239
3871 68 319 241
3872 68 319 243
3873 68 320 246
3874 68 320 248
3875 68 320 250
3876 68 320 252
3877 68 321 254
3878 68 321 256
3879 68 321 258
3880 68 321 260
3881 68 322 263
3882 68 322 265
3883 68 322 267
3884 68 323 269
3885 68 323 271
3886 68 323 273
3887 68 323 275
3888 68 324 278
3889 68 324 280
3890 68 324 282
3891 68 324 284
3892 68 325 286
3893 68 325 288
3894 68 325 290
3895 68 325 292
3896 68 326 295
3897 68 326 297
3898 68 326 299
3899 68 326 301
3900 68 327 303
3901 68 327 305
3902 68 327 307
3903 68 328 310
3904 68 328 312
3905 68 329 314
3906 68 329 316
3907 68 330 318
3908 68 331 320
3909 68 331 323
3910 68 332 325
3911 68 332 327
3912 68 333 329
3913 68 334 331
3914 68 334 333
3915 68 335 336
3916 68 335 338
3917 68 336 340
3918 68 337 342
3919 68 337 344
3920 68 338 346
3921 68 338 349
3922 68 339 351
3923 68 340 353
3924 68 340 355
3925 68 341 357
3926 68 341 359
3927 68 342 362
3928 68 343 364
3929 68 343 366
3930 68 344 368
3931 68 344 370
3932 68 345 372
3933 68 346 375
3934 68 346 377
3935 68 347 379
3936 68 347 381
3937 68 348 383
3938 68 349 385
3939 68 349 387
3940 68 350 390
3941 68 351 392
3942 68 351 394
3943 68 352 396
3944 68 352 398
3945 68 353 400
3946 68 354 403
3947 68 354 405
3948 68 355 407
3949 68 356 409
3950 68 356 411
3951 68 357 413
3952 68 357 415
3953 68 358 418
3954 68 359 420
3955 68 359 422
3956 68 360 424
3957 68 361 426
3958 68 361 428
3959 68 362 431
3960 68 362 433
3961 68 363 435
3962 68 364 437
3963 68 364 439
3964 68 365 441
3965 68 366 444
3966 68 366 446
3967 68 366 448
3968 68 366 451
3969 68 367 453
3970 68 367 456
3971 68 367 458
3972 68 368 461
3973 68 368 463
3974 68 368 465
3975 68 368 468
3976 68 369 470
3977 68 369 473
3978 68 369 475
3979 68 370 478
3980 68 370 480
3981 68 370 482
3982 68 370 485
3983 68 371 487
3984 68 371 490
3985 68 371 492
3986 68 372 495
3987 68 372 497
3988 68 372 499
3989 68 372 502
3990 68 373 504
3991 68 373 507
3992 68 373 509
3993 68 374 512
3994 68 374 514
3995 68 374 517
3996 68 374 519
3997 68 374 522
3998 68 374 524
3999 68 374 527
4000 68 374 529
4001 68 374 532
4002 68 375 534
4003 68 375 537
4004 68 375 539
4005 68 375 542
4006 68 375 544
4007 68 375 547
4008 68 375 549
4009 68 375 552
4010 68 376 554
4011 68 376 557
4012 68 376 559
4013 68 376 562
4014 68 376 564
4015 68 376 567
4016 68 376 569
4017 68 376 572
4018 68 376 574
4019 68 377 577
4020 68 377 579
4021 68 377 582
4022 68 377 584
4023 68 377 587
4024 68 377 589
4025 68 377 592
4026 68 377 594
4027 68 378 597
4028 68 377 599
4029 68 377 602
4030 68 376 604
4031 68 376 607
4032 68 376 609
4033 68 375 612
4034 68 375 615
4035 68 375 617
4036 68 374 620
4037 68 374 622
4038 68 374 625
4039 68 373 628
4040 68 373 630
4041 68 373 633
4042 68 372 635
4043 68 372 638
4044 68 372 641
4045 68 371 643
4046 68 371 646
4047 68 371 648
4048 68 370 651
4049 68 370 654
4050 68 370 656
4051 68 369 659
4052 68 369 661
4053 68 369 664
4054 68 368 667
4055 68 368 669
4056 68 368 672
4057 68 367 674
4058 68 367 677
4059 68 367 680
4060 68 366 682
4061 68 366 685
4062 68 366 687
4063 68 365 690
4064 68 365 693
4065 68 365 695
4066 68 364 698
4067 68 364 700
4068 68 364 703
4069 68 363 706
4070 68 363 708
4071 68 363 711
4072 68 362 713
4073 68 362 716
4074 68 362 719
